date_time,demand,scaled_temp,forecast
2021-01-01 00:00:00,24109.25,-1.1513297805430152,24953.764802212732
2021-01-01 01:00:00,23848.17,-1.076581352757225,24272.830147425375
2021-01-01 02:00:00,23706.82,-1.076581352757225,24438.24268410465
2021-01-01 03:00:00,23577.5,-1.026749067566698,24199.772120508256
2021-01-01 04:00:00,23647.9,-1.0101383058365225,24075.597328882315
2021-01-01 05:00:00,24057.57,-1.035054448431786,24397.894259322275
2021-01-01 06:00:00,24622.87,-1.2260782083288055,25696.102417212587
2021-01-01 07:00:00,25484.64,-1.2426889700589812,27337.165145461648
2021-01-01 08:00:00,26012.44,-1.1014974953524885,27691.863743572118
2021-01-01 09:00:00,26027.81,-1.0018329249714346,27339.64478171398
2021-01-01 10:00:00,25555.38,-0.8772522119951176,26966.932284506485
2021-01-01 11:00:00,25090.27,-0.819114545939503,26813.60135471258
2021-01-01 12:00:00,24714.52,-0.769282260748976,26880.42292447451
2021-01-01 13:00:00,24609.58,-0.7526714990188005,27385.94850707501
2021-01-01 14:00:00,24624.48,-0.7526714990188005,27459.345617136685
2021-01-01 15:00:00,24614.47,-0.769282260748976,27245.250966852593
2021-01-01 16:00:00,25304.62,-0.7775876416140639,26940.023517701862
2021-01-01 17:00:00,26755.25,-0.8025037842093272,28044.377643519285
2021-01-01 18:00:00,27305.92,-0.819114545939503,28399.18738648895
2021-01-01 19:00:00,26714.24,-0.8274199268045908,28036.445636463486
2021-01-01 20:00:00,26071.36,-0.8440306885347663,27335.538902396205
2021-01-01 21:00:00,25729.81,-0.8357253076696786,27116.10833375055
2021-01-01 22:00:00,24998.09,-0.8440306885347663,26444.60284617007
2021-01-01 23:00:00,24168.41,-0.8523360693998542,25163.605958729353
2021-01-02 00:00:00,23497.11,-0.8938629737252932,24414.833798953874
2021-01-02 01:00:00,23156.64,-0.9686114015110834,24085.901913644957
2021-01-02 02:00:00,23165.1,-0.985222163241259,23860.940394778536
2021-01-02 03:00:00,23321.88,-0.9935275441063469,23680.210003835044
2021-01-02 04:00:00,23448.96,-0.9686114015110834,23299.97358751487
2021-01-02 05:00:00,23830.0,-0.9520006397809079,23358.610241937637
2021-01-02 06:00:00,24467.87,-1.0184436867016105,23505.715978464144
2021-01-02 07:00:00,25468.7,-1.0433598292968738,23752.50443860887
2021-01-02 08:00:00,26364.89,-1.0599705910270494,24148.109767533922
2021-01-02 09:00:00,26897.25,-1.068275971892137,24822.99990578803
2021-01-02 10:00:00,27102.56,-1.0599705910270494,25916.872765793105
2021-01-02 11:00:00,27106.24,-1.0184436867016105,25877.558800041443
2021-01-02 12:00:00,27038.26,-0.9603060206459957,25496.49097350334
2021-01-02 13:00:00,26367.29,-0.8606414502649419,25343.707689562776
2021-01-02 14:00:00,25424.68,-0.7941984033442395,24523.210464235955
2021-01-02 15:00:00,24688.81,-0.7526714990188005,24815.839149928037
2021-01-02 16:00:00,25201.62,-0.769282260748976,24658.344532244882
2021-01-02 17:00:00,26916.3,-0.9520006397809079,26436.985050136907
2021-01-02 18:00:00,27781.96,-0.9935275441063469,27138.31481681927
2021-01-02 19:00:00,27199.69,-0.9104737354554688,27025.725174497522
2021-01-02 20:00:00,26574.87,-0.819114545939503,25800.70903428454
2021-01-02 21:00:00,25881.49,-0.8274199268045908,25158.563816344355
2021-01-02 22:00:00,25113.97,-0.8357253076696786,24611.24152438354
2021-01-02 23:00:00,24231.14,-0.8357253076696786,23989.20492837866
2021-01-03 00:00:00,23537.88,-0.8523360693998542,23645.246916833763
2021-01-03 01:00:00,23153.16,-0.8357253076696786,23454.16172890534
2021-01-03 02:00:00,23058.04,-0.8357253076696786,23414.65870210985
2021-01-03 03:00:00,23121.11,-0.8440306885347663,23363.075209755578
2021-01-03 04:00:00,23272.4,-0.8523360693998542,23409.10123020698
2021-01-03 05:00:00,23501.81,-0.8523360693998542,23680.71484682471
2021-01-03 06:00:00,23955.51,-0.8523360693998542,23773.75006285178
2021-01-03 07:00:00,24812.97,-0.9104737354554688,23908.21223567841
2021-01-03 08:00:00,25471.07,-0.8606414502649419,24839.47970786454
2021-01-03 09:00:00,25953.37,-0.8440306885347663,25513.47119442242
2021-01-03 10:00:00,26036.95,-0.819114545939503,26301.67248606833
2021-01-03 11:00:00,25898.87,-0.7858930224791517,25691.639131416927
2021-01-03 12:00:00,26061.3,-0.7360607372886249,25153.148184870053
2021-01-03 13:00:00,25966.24,-0.7526714990188005,24542.02709210595
2021-01-03 14:00:00,25819.38,-0.7526714990188005,24183.94704445626
2021-01-03 15:00:00,25744.15,-0.7526714990188005,24143.742305000796
2021-01-03 16:00:00,26168.53,-0.769282260748976,25103.467899228875
2021-01-03 17:00:00,27385.41,-0.8938629737252932,27142.126938749578
2021-01-03 18:00:00,28214.49,-0.9270844971856443,27851.59580061949
2021-01-03 19:00:00,27686.64,-0.9353898780507323,27330.554638675116
2021-01-03 20:00:00,27075.28,-0.9603060206459957,26900.699578814645
2021-01-03 21:00:00,26339.68,-0.9520006397809079,25988.994216757288
2021-01-03 22:00:00,25631.32,-0.9520006397809079,25259.019863323854
2021-01-03 23:00:00,24615.95,-0.9520006397809079,24380.45696886927
2021-01-04 00:00:00,23828.81,-0.985222163241259,23666.60204977051
2021-01-04 01:00:00,23410.63,-0.9603060206459957,23211.84155681859
2021-01-04 02:00:00,23183.81,-0.9353898780507323,23085.422786356812
2021-01-04 03:00:00,23127.57,-0.9520006397809079,23171.167489155636
2021-01-04 04:00:00,23383.13,-0.9769167823761714,23733.076060497515
2021-01-04 05:00:00,23792.98,-0.9520006397809079,24276.06988308474
2021-01-04 06:00:00,24731.2,-0.9769167823761714,25468.572390987167
2021-01-04 07:00:00,26098.71,-0.9270844971856443,26492.805858734464
2021-01-04 08:00:00,27331.0,-0.9353898780507323,27997.591506021312
2021-01-04 09:00:00,27879.07,-0.94369525891582,27876.774124875046
2021-01-04 10:00:00,27880.4,-0.9021683545903809,28031.614654897858
2021-01-04 11:00:00,27756.37,-0.8523360693998542,27864.059893148544
2021-01-04 12:00:00,27671.03,-0.819114545939503,27761.267019041
2021-01-04 13:00:00,27241.99,-0.7941984033442395,27382.25280023236
2021-01-04 14:00:00,26916.08,-0.7609768798838882,26951.197095823
2021-01-04 15:00:00,26778.53,-0.7360607372886249,26737.93727535941
2021-01-04 16:00:00,27251.01,-0.769282260748976,27456.21556408644
2021-01-04 17:00:00,28580.68,-0.8025037842093272,28944.768044208628
2021-01-04 18:00:00,29261.2,-0.8357253076696786,29728.00458650219
2021-01-04 19:00:00,28543.83,-0.8606414502649419,29007.239751446938
2021-01-04 20:00:00,27785.13,-0.8357253076696786,28193.58221745506
2021-01-04 21:00:00,27020.67,-0.8440306885347663,27443.778310493784
2021-01-04 22:00:00,25986.43,-0.8357253076696786,26158.516295630172
2021-01-04 23:00:00,24982.42,-0.8606414502649419,25224.194850499458
2021-01-05 00:00:00,24027.76,-0.8357253076696786,24228.64681764571
2021-01-05 01:00:00,23526.15,-0.8772522119951176,23702.140030205046
2021-01-05 02:00:00,23320.31,-0.9187791163205566,23551.814291977316
2021-01-05 03:00:00,23413.66,-0.94369525891582,23534.121014848915
2021-01-05 04:00:00,23647.3,-0.9603060206459957,23381.34647479059
2021-01-05 05:00:00,24035.14,-0.9769167823761714,23677.84074931928
2021-01-05 06:00:00,24977.77,-0.9769167823761714,24452.65795138859
2021-01-05 07:00:00,26493.66,-0.9603060206459957,26050.71417805705
2021-01-05 08:00:00,27861.7,-0.9353898780507323,26876.053124360555
2021-01-05 09:00:00,28232.44,-0.9104737354554688,26845.404904933595
2021-01-05 10:00:00,27991.06,-0.9104737354554688,26929.56264736257
2021-01-05 11:00:00,27901.29,-0.9187791163205566,26639.84966059428
2021-01-05 12:00:00,27942.29,-0.9187791163205566,26778.439191485304
2021-01-05 13:00:00,27613.3,-0.9187791163205566,26413.870127997543
2021-01-05 14:00:00,27334.49,-0.9104737354554688,26376.42237290991
2021-01-05 15:00:00,27217.85,-0.9104737354554688,26406.94725453833
2021-01-05 16:00:00,27647.79,-0.9021683545903809,27357.554041436106
2021-01-05 17:00:00,28752.07,-0.9104737354554688,28903.891174199693
2021-01-05 18:00:00,29431.16,-0.9104737354554688,29489.451688922498
2021-01-05 19:00:00,28927.28,-0.9187791163205566,28745.13077053097
2021-01-05 20:00:00,28289.62,-0.9187791163205566,28114.23701376131
2021-01-05 21:00:00,27592.27,-0.9270844971856443,27267.933605763028
2021-01-05 22:00:00,26704.42,-0.9187791163205566,26172.297854964243
2021-01-05 23:00:00,25425.4,-0.9353898780507323,25099.10801416417
2021-01-06 00:00:00,24583.71,-0.94369525891582,24288.30642259739
2021-01-06 01:00:00,24080.02,-0.94369525891582,23851.116235839847
2021-01-06 02:00:00,23835.7,-0.94369525891582,23788.91683682728
2021-01-06 03:00:00,23834.08,-0.9353898780507323,23877.120443972377
2021-01-06 04:00:00,24020.99,-0.9270844971856443,23988.423827397262
2021-01-06 05:00:00,24322.31,-0.9187791163205566,24492.52326064939
2021-01-06 06:00:00,25332.65,-0.9187791163205566,25475.967570850942
2021-01-06 07:00:00,26799.43,-0.94369525891582,26908.73774612329
2021-01-06 08:00:00,28170.67,-0.9686114015110834,28087.896342371387
2021-01-06 09:00:00,28415.49,-0.9603060206459957,28404.037923691027
2021-01-06 10:00:00,27346.07,-0.8938629737252932,27892.416756569233
2021-01-06 11:00:00,26440.01,-0.8523360693998542,27828.95692086117
2021-01-06 12:00:00,25882.08,-0.8025037842093272,27789.827489551826
2021-01-06 13:00:00,25435.62,-0.7858930224791517,26813.610265628664
2021-01-06 14:00:00,24901.97,-0.769282260748976,26531.61643496451
2021-01-06 15:00:00,24798.33,-0.769282260748976,26450.692363024835
2021-01-06 16:00:00,25451.12,-0.9021683545903809,27994.149862341157
2021-01-06 17:00:00,27500.96,-1.0101383058365225,29356.110519743484
2021-01-06 18:00:00,28256.04,-1.035054448431786,29966.975468049997
2021-01-06 19:00:00,28470.37,-1.0599705910270494,29216.69752269343
2021-01-06 20:00:00,28092.61,-1.1264136379477518,28898.388540219505
2021-01-06 21:00:00,27526.17,-1.159635161408103,28350.235462376342
2021-01-06 22:00:00,26765.38,-1.1845513040033666,27587.562355967817
2021-01-06 23:00:00,25798.4,-1.2011620657335422,26256.5478762135
2021-01-07 00:00:00,24928.81,-1.2011620657335422,25400.486479535215
2021-01-07 01:00:00,24530.14,-1.2011620657335422,24721.996275839207
2021-01-07 02:00:00,24501.31,-1.20946744659863,24421.954559839625
2021-01-07 03:00:00,24745.86,-1.2676051126542447,24611.201572929513
2021-01-07 04:00:00,24916.4,-1.3672696830352984,25322.374998737643
2021-01-07 05:00:00,25451.04,-1.417101968225825,25866.21025140943
2021-01-07 06:00:00,26420.07,-1.508461157741791,27145.97202391364
2021-01-07 07:00:00,28099.28,-1.4420181108210888,28844.484832939623
2021-01-07 08:00:00,29521.14,-1.54998806206723,30762.857827131073
2021-01-07 09:00:00,29418.18,-1.2177728274637176,29540.482174724686
2021-01-07 10:00:00,28271.55,-0.985222163241259,28108.237875283452
2021-01-07 11:00:00,27210.9,-0.8938629737252932,27754.902929340267
2021-01-07 12:00:00,26580.93,-0.819114545939503,27746.810595980223
2021-01-07 13:00:00,26108.31,-0.8025037842093272,27041.264233210215
2021-01-07 14:00:00,25432.86,-0.7609768798838882,26106.632157479497
2021-01-07 15:00:00,25329.77,-0.7858930224791517,25809.531125636306
2021-01-07 16:00:00,26111.83,-0.8772522119951176,26347.782846115984
2021-01-07 17:00:00,27977.97,-0.985222163241259,27692.183937403603
2021-01-07 18:00:00,29245.94,-1.0101383058365225,28588.5429631625
2021-01-07 19:00:00,28987.63,-1.1014974953524885,29248.988437702777
2021-01-07 20:00:00,28726.02,-1.1928566848684543,29240.21123682567
2021-01-07 21:00:00,28119.93,-1.2343835891938932,28999.684784330588
2021-01-07 22:00:00,27336.83,-1.20946744659863,28225.767147952673
2021-01-07 23:00:00,26306.69,-1.20946744659863,27386.72376594325
2021-01-08 00:00:00,25452.99,-1.2842158743844203,25974.222334853595
2021-01-08 01:00:00,25047.0,-1.1845513040033666,24794.09695120922
2021-01-08 02:00:00,24929.76,-1.1928566848684543,24643.52868020306
2021-01-08 03:00:00,25048.18,-1.2343835891938932,24765.339662556507
2021-01-08 04:00:00,25413.15,-1.2759104935193324,24645.541784620298
2021-01-08 05:00:00,26071.33,-1.3672696830352984,25601.10962044316
2021-01-08 06:00:00,27207.56,-1.4420181108210888,26442.93117123224
2021-01-08 07:00:00,28959.09,-1.4669342534163519,28346.364041502267
2021-01-08 08:00:00,30413.31,-1.516766538606879,29812.874821780573
2021-01-08 09:00:00,30514.53,-1.458628872551264,30312.239879436638
2021-01-08 10:00:00,29347.4,-1.3423535404400349,29319.613198170468
2021-01-08 11:00:00,28371.56,-1.2759104935193324,28491.795547198388
2021-01-08 12:00:00,27781.52,-1.20946744659863,27371.497802708564
2021-01-08 13:00:00,27269.9,-1.1762459231382787,27088.948896443115
2021-01-08 14:00:00,26511.94,-1.1347190188128395,26236.23780578276
2021-01-08 15:00:00,26199.34,-1.0931921144874006,26221.60379485715
2021-01-08 16:00:00,26953.64,-1.1513297805430152,25973.456295119744
2021-01-08 17:00:00,28848.89,-1.2426889700589812,27627.226698892075
2021-01-08 18:00:00,30143.54,-1.2676051126542447,28980.651913140406
2021-01-08 19:00:00,29845.84,-1.3257427787098592,29218.4690468745
2021-01-08 20:00:00,29255.36,-1.2759104935193324,28607.621809197713
2021-01-08 21:00:00,28638.13,-1.3008266361145957,28122.603686221602
2021-01-08 22:00:00,27894.17,-1.3589643021702107,27970.924634397066
2021-01-08 23:00:00,26983.91,-1.425407349090913,27227.145572735146
2021-01-09 00:00:00,26297.81,-1.3921858256305617,26501.456731874518
2021-01-09 01:00:00,25891.04,-1.3838804447654738,26364.005478961135
2021-01-09 02:00:00,25633.18,-1.3755750639003859,26374.740109691134
2021-01-09 03:00:00,25681.91,-1.4004912064956496,26539.53452725621
2021-01-09 04:00:00,25961.5,-1.4004912064956496,26677.459282550615
2021-01-09 05:00:00,26405.07,-1.458628872551264,26989.101879014837
2021-01-09 06:00:00,27023.78,-1.500155776876703,27246.480989982436
2021-01-09 07:00:00,28124.22,-1.5250719194719669,27906.48445790585
2021-01-09 08:00:00,28802.45,-1.4918503960116154,28422.81382145371
2021-01-09 09:00:00,28928.41,-1.4004912064956496,29314.283495902957
2021-01-09 10:00:00,28321.6,-1.2343835891938932,28630.66453196756
2021-01-09 11:00:00,27431.99,-1.0433598292968738,27273.40153715282
2021-01-09 12:00:00,26792.26,-0.8938629737252932,26386.5317476589
2021-01-09 13:00:00,26032.97,-0.8025037842093272,26283.285540593522
2021-01-09 14:00:00,25203.42,-0.727755356423537,25386.898839562367
2021-01-09 15:00:00,24816.1,-0.7111445946933614,24901.027916377217
2021-01-09 16:00:00,25343.91,-0.7526714990188005,24940.268442596724
2021-01-09 17:00:00,27345.59,-0.8689468311300298,26623.256073852106
2021-01-09 18:00:00,28664.49,-1.0018329249714346,28029.705069413216
2021-01-09 19:00:00,28344.95,-1.2177728274637176,29048.86578339643
2021-01-09 20:00:00,27792.19,-0.9769167823761714,27699.64348920251
2021-01-09 21:00:00,27019.45,-1.0433598292968738,27197.90118510736
2021-01-09 22:00:00,26336.74,-1.3174373978447713,27178.82099060886
2021-01-09 23:00:00,25652.8,-1.3838804447654738,26304.967131324505
2021-01-10 00:00:00,25012.88,-1.334048159574947,25779.430348944705
2021-01-10 01:00:00,24703.02,-1.54998806206723,25928.583749276895
2021-01-10 02:00:00,24742.57,-1.3589643021702107,24806.572392931823
2021-01-10 03:00:00,24859.53,-1.591514966392669,25244.31684660634
2021-01-10 04:00:00,25292.55,-1.541682681202142,25168.242808475836
2021-01-10 05:00:00,25716.77,-1.5582934429323179,25383.582419500493
2021-01-10 06:00:00,26428.61,-1.732706441099162,26422.753162981033
2021-01-10 07:00:00,27632.21,-1.682874155908635,26909.00862479318
2021-01-10 08:00:00,28277.52,-1.4918503960116154,27053.074515235156
2021-01-10 09:00:00,28680.27,-1.458628872551264,28026.627368296828
2021-01-10 10:00:00,28368.69,-1.3672696830352984,28049.59079040469
2021-01-10 11:00:00,27777.42,-1.2759104935193324,26567.467129947632
2021-01-10 12:00:00,27676.41,-1.2592997317891568,25987.085042876395
2021-01-10 13:00:00,27426.3,-1.2509943509240689,27619.88850568961
2021-01-10 14:00:00,27063.45,-1.2343835891938932,27208.462337829977
2021-01-10 15:00:00,27032.67,-1.20946744659863,26609.86793361362
2021-01-10 16:00:00,27848.37,-1.2177728274637176,28157.318948851444
2021-01-10 17:00:00,29677.57,-1.2509943509240689,29336.47626397432
2021-01-10 18:00:00,30738.05,-1.2676051126542447,31011.687126021687
2021-01-10 19:00:00,30411.17,-1.2759104935193324,30089.14929452924
2021-01-10 20:00:00,29751.17,-1.2676051126542447,29722.84704027484
2021-01-10 21:00:00,29117.23,-1.2177728274637176,28897.236156289706
2021-01-10 22:00:00,28157.45,-1.1762459231382787,27352.43098122177
2021-01-10 23:00:00,26927.24,-1.159635161408103,25946.796189251007
2021-01-11 00:00:00,26216.4,-1.035054448431786,24881.54059192259
2021-01-11 01:00:00,25843.37,-1.0931921144874006,24573.974637633863
2021-01-11 02:00:00,25683.55,-1.1430243996779275,25154.116151870254
2021-01-11 03:00:00,25880.95,-1.1347190188128395,24982.37071603558
2021-01-11 04:00:00,25995.87,-1.1181082570826641,25739.17835782586
2021-01-11 05:00:00,26395.14,-1.1014974953524885,26235.319931277285
2021-01-11 06:00:00,27273.48,-1.0599705910270494,26738.037484892393
2021-01-11 07:00:00,29082.94,-1.0516652101619615,28395.3635452027
2021-01-11 08:00:00,30381.03,-0.9935275441063469,29345.969169906846
2021-01-11 09:00:00,30546.41,-0.9520006397809079,29523.051696924853
2021-01-11 10:00:00,30146.33,-0.9021683545903809,29129.10752748059
2021-01-11 11:00:00,29849.21,-0.8606414502649419,28955.13306716171
2021-01-11 12:00:00,29456.93,-0.8025037842093272,28594.77170918963
2021-01-11 13:00:00,29034.18,-0.7443661181537127,27759.548513591253
2021-01-11 14:00:00,28413.51,-0.727755356423537,27343.195833831498
2021-01-11 15:00:00,28243.67,-0.7028392138282736,26732.460912743027
2021-01-11 16:00:00,28516.49,-0.7360607372886249,27323.136364299557
2021-01-11 17:00:00,29800.1,-0.7941984033442395,29448.243284241533
2021-01-11 18:00:00,30387.78,-0.8025037842093272,30067.62288610936
2021-01-11 19:00:00,29730.45,-0.7941984033442395,28759.18720659025
2021-01-11 20:00:00,29081.21,-0.8025037842093272,28222.617429114784
2021-01-11 21:00:00,28201.76,-0.7941984033442395,27114.14037868132
2021-01-11 22:00:00,27027.28,-0.7775876416140639,25860.169735016385
2021-01-11 23:00:00,25889.7,-0.7609768798838882,24623.15883223087
2021-01-12 00:00:00,24918.87,-0.7526714990188005,23956.51153831689
2021-01-12 01:00:00,24448.43,-0.6779230712330101,23168.325448788208
2021-01-12 02:00:00,24159.77,-0.6530069286377467,22891.389051228736
2021-01-12 03:00:00,24117.29,-0.6613123095028346,22741.753745005455
2021-01-12 04:00:00,24058.12,-0.7028392138282736,22699.129182755452
2021-01-12 05:00:00,24350.53,-0.7194499755584491,23088.186395607998
2021-01-12 06:00:00,25180.76,-0.727755356423537,23940.303469725364
2021-01-12 07:00:00,26838.77,-0.7609768798838882,25561.955910856377
2021-01-12 08:00:00,28097.39,-0.7941984033442395,27063.74011873433
2021-01-12 09:00:00,28161.85,-0.7858930224791517,27320.187848437978
2021-01-12 10:00:00,27576.22,-0.7526714990188005,26652.00552350521
2021-01-12 11:00:00,26750.41,-0.7194499755584491,26365.753894603055
2021-01-12 12:00:00,26338.78,-0.6945338329631858,26559.43118692554
2021-01-12 13:00:00,26056.52,-0.6696176903679224,25444.95910469574
2021-01-12 14:00:00,25957.67,-0.6696176903679224,25156.891452206128
2021-01-12 15:00:00,26241.25,-0.6613123095028346,25471.322625228026
2021-01-12 16:00:00,26658.71,-0.6696176903679224,25521.19147793215
2021-01-12 17:00:00,28025.59,-0.6862284520980979,27560.856384367715
2021-01-12 18:00:00,28832.8,-0.7028392138282736,27948.58650348568
2021-01-12 19:00:00,28107.13,-0.7443661181537127,27384.512301552226
2021-01-12 20:00:00,27373.94,-0.7194499755584491,26840.63756124419
2021-01-12 21:00:00,26631.85,-0.727755356423537,26062.093624428573
2021-01-12 22:00:00,25531.34,-0.7609768798838882,25178.19846060411
2021-01-12 23:00:00,24334.49,-0.7443661181537127,24399.97187769252
2021-01-13 00:00:00,23399.16,-0.7443661181537127,23811.29561170879
2021-01-13 01:00:00,22980.92,-0.727755356423537,23509.447500069393
2021-01-13 02:00:00,22816.13,-0.7360607372886249,23416.79514968454
2021-01-13 03:00:00,22893.83,-0.769282260748976,23615.541274577474
2021-01-13 04:00:00,23015.85,-0.7526714990188005,23220.316810798384
2021-01-13 05:00:00,23324.74,-0.7526714990188005,24288.15152092828
2021-01-13 06:00:00,24303.98,-0.7443661181537127,24657.21969477906
2021-01-13 07:00:00,26121.72,-0.7526714990188005,26114.882858251884
2021-01-13 08:00:00,27601.49,-0.769282260748976,27452.581977023314
2021-01-13 09:00:00,27716.13,-0.7443661181537127,27475.341065494056
2021-01-13 10:00:00,27358.32,-0.7526714990188005,27365.70907260969
2021-01-13 11:00:00,27086.63,-0.7028392138282736,26637.063713448442
2021-01-13 12:00:00,27065.43,-0.6530069286377467,26535.241991765433
2021-01-13 13:00:00,26980.25,-0.6613123095028346,26156.02942084056
2021-01-13 14:00:00,26840.43,-0.644701547772659,25801.76480189783
2021-01-13 15:00:00,26553.02,-0.6114800243123076,26082.65064085513
2021-01-13 16:00:00,26761.64,-0.5699531199868686,26331.630099663824
2021-01-13 17:00:00,27900.84,-0.553342358256693,27543.494620128204
2021-01-13 18:00:00,28655.4,-0.5782585008519565,27997.844352333777
2021-01-13 19:00:00,27838.42,-0.5865638817170443,27268.934396273184
2021-01-13 20:00:00,27310.8,-0.6031746434472199,26708.628102687628
2021-01-13 21:00:00,26466.43,-0.6280907860424834,26023.992369988773
2021-01-13 22:00:00,25494.38,-0.644701547772659,25066.529349624478
2021-01-13 23:00:00,24224.9,-0.6114800243123076,23864.005936741953
2021-01-14 00:00:00,23211.64,-0.6031746434472199,22947.725713354394
2021-01-14 01:00:00,22803.06,-0.6114800243123076,22828.17129124673
2021-01-14 02:00:00,22444.57,-0.6280907860424834,22553.983225738702
2021-01-14 03:00:00,22373.39,-0.6280907860424834,22501.409942293423
2021-01-14 04:00:00,22500.52,-0.6197854051773956,22608.696488734546
2021-01-14 05:00:00,22828.67,-0.6114800243123076,22862.698220695936
2021-01-14 06:00:00,23705.84,-0.6114800243123076,23799.317502117585
2021-01-14 07:00:00,25432.1,-0.6363961669075711,25349.27405218438
2021-01-14 08:00:00,26809.1,-0.6280907860424834,26368.195028002898
2021-01-14 09:00:00,26796.55,-0.6280907860424834,26522.82376484269
2021-01-14 10:00:00,26406.72,-0.6363961669075711,26210.521230781684
2021-01-14 11:00:00,26026.54,-0.5699531199868686,25931.864687772042
2021-01-14 12:00:00,25908.67,-0.5367315965265175,25897.369394619058
2021-01-14 13:00:00,25708.45,-0.5118154539312539,25493.117131560866
2021-01-14 14:00:00,25437.69,-0.5201208347963419,25152.99674229321
2021-01-14 15:00:00,25239.52,-0.5201208347963419,25202.244637854907
2021-01-14 16:00:00,25710.68,-0.5616477391217809,25897.14835172751
2021-01-14 17:00:00,26781.42,-0.5782585008519565,27030.025568946712
2021-01-14 18:00:00,27559.53,-0.594869262582132,27686.14624586584
2021-01-14 19:00:00,27139.21,-0.6280907860424834,27010.503103843283
2021-01-14 20:00:00,26477.62,-0.6197854051773956,26338.52544696283
2021-01-14 21:00:00,25679.55,-0.6530069286377467,25632.844656167694
2021-01-14 22:00:00,24723.15,-0.6530069286377467,24556.036526256972
2021-01-14 23:00:00,23694.52,-0.6613123095028346,23561.883211402033
2021-01-15 00:00:00,22827.45,-0.6696176903679224,22851.483507775014
2021-01-15 01:00:00,22272.52,-0.6779230712330101,22729.89894635772
2021-01-15 02:00:00,22095.16,-0.7775876416140639,22665.990803196346
2021-01-15 03:00:00,22050.28,-0.8440306885347663,22805.84560639946
2021-01-15 04:00:00,22266.81,-0.8772522119951176,22934.255932977765
2021-01-15 05:00:00,22667.12,-0.819114545939503,23264.13648883157
2021-01-15 06:00:00,23765.22,-0.9187791163205566,24358.87172573262
2021-01-15 07:00:00,25612.32,-1.0101383058365225,26533.15568943977
2021-01-15 08:00:00,27123.25,-1.0433598292968738,28025.01117394007
2021-01-15 09:00:00,27302.98,-0.9021683545903809,27621.826307290423
2021-01-15 10:00:00,26555.07,-0.7941984033442395,27050.86391856564
2021-01-15 11:00:00,25583.87,-0.6613123095028346,26287.555878874107
2021-01-15 12:00:00,24860.7,-0.6031746434472199,26079.452809686332
2021-01-15 13:00:00,24218.99,-0.5118154539312539,25364.483876506383
2021-01-15 14:00:00,23602.76,-0.4370670261454637,25029.831965645277
2021-01-15 15:00:00,23412.78,-0.5118154539312539,25105.465474308363
2021-01-15 16:00:00,24165.04,-0.5782585008519565,25236.630965296412
2021-01-15 17:00:00,25693.74,-0.553342358256693,26427.958170486305
2021-01-15 18:00:00,26819.97,-0.5118154539312539,27184.727093536345
2021-01-15 19:00:00,26426.29,-0.5284262156614296,26768.007491469725
2021-01-15 20:00:00,25940.2,-0.5118154539312539,25878.91785137677
2021-01-15 21:00:00,25108.53,-0.5284262156614296,25342.355897619007
2021-01-15 22:00:00,24209.91,-0.5367315965265175,24746.334687568502
2021-01-15 23:00:00,23382.93,-0.5865638817170443,24101.68286556531
2021-01-16 00:00:00,22420.8,-0.5367315965265175,22904.19968071824
2021-01-16 01:00:00,21940.65,-0.5035100730661661,22169.870066875363
2021-01-16 02:00:00,21747.33,-0.4952046922010784,21499.011522389974
2021-01-16 03:00:00,21801.14,-0.4952046922010784,21251.706430473056
2021-01-16 04:00:00,21854.2,-0.5118154539312539,20868.920959154235
2021-01-16 05:00:00,22097.54,-0.6197854051773956,21361.406303752112
2021-01-16 06:00:00,22801.94,-0.6862284520980979,22229.003388878937
2021-01-16 07:00:00,23611.48,-0.7028392138282736,23252.655571928608
2021-01-16 08:00:00,24539.7,-0.644701547772659,23754.695795675
2021-01-16 09:00:00,25296.64,-0.644701547772659,24504.520490147148
2021-01-16 10:00:00,25901.85,-0.6363961669075711,25035.934545117725
2021-01-16 11:00:00,26256.12,-0.6363961669075711,24893.660467425565
2021-01-16 12:00:00,26624.7,-0.6696176903679224,24908.107955324846
2021-01-16 13:00:00,26657.7,-0.6613123095028346,24721.535167357273
2021-01-16 14:00:00,26003.61,-0.644701547772659,24374.64824360249
2021-01-16 15:00:00,25586.7,-0.644701547772659,23951.62175700126
2021-01-16 16:00:00,25812.54,-0.6363961669075711,24416.953876237472
2021-01-16 17:00:00,26845.81,-0.644701547772659,25271.96071735628
2021-01-16 18:00:00,27325.17,-0.6530069286377467,26009.83213500334
2021-01-16 19:00:00,26993.67,-0.6696176903679224,25577.953685185723
2021-01-16 20:00:00,26183.51,-0.6862284520980979,25401.52450173045
2021-01-16 21:00:00,25542.28,-0.6862284520980979,24511.822078360485
2021-01-16 22:00:00,24773.81,-0.7111445946933614,23707.482903359185
2021-01-16 23:00:00,23939.29,-0.727755356423537,22796.19627323211
2021-01-17 00:00:00,23334.05,-0.7443661181537127,22187.929571717083
2021-01-17 01:00:00,22816.0,-0.7443661181537127,21849.323824713723
2021-01-17 02:00:00,22472.39,-0.727755356423537,21987.036396987296
2021-01-17 03:00:00,22302.27,-0.727755356423537,22153.438878614754
2021-01-17 04:00:00,22366.51,-0.7194499755584491,22639.969312344772
2021-01-17 05:00:00,22526.66,-0.6779230712330101,22687.35351766867
2021-01-17 06:00:00,22926.08,-0.644701547772659,22843.950274136954
2021-01-17 07:00:00,23707.48,-0.6363961669075711,23428.767320916482
2021-01-17 08:00:00,24365.28,-0.644701547772659,24470.01177698283
2021-01-17 09:00:00,24835.56,-0.6363961669075711,25188.37984582708
2021-01-17 10:00:00,25054.66,-0.6280907860424834,25586.628908241943
2021-01-17 11:00:00,24912.6,-0.6114800243123076,25813.106166813297
2021-01-17 12:00:00,25250.49,-0.594869262582132,25460.22383019271
2021-01-17 13:00:00,25188.07,-0.6280907860424834,25105.653798751562
2021-01-17 14:00:00,25159.28,-0.6530069286377467,24786.39194686219
2021-01-17 15:00:00,25191.47,-0.7111445946933614,24602.118356205872
2021-01-17 16:00:00,25888.94,-0.769282260748976,25541.852504409915
2021-01-17 17:00:00,27274.54,-0.8274199268045908,27514.88541181675
2021-01-17 18:00:00,28137.36,-0.8606414502649419,28393.8340732218
2021-01-17 19:00:00,27903.72,-0.9021683545903809,27738.537562529364
2021-01-17 20:00:00,27302.96,-0.9603060206459957,27184.77285083697
2021-01-17 21:00:00,26455.88,-1.035054448431786,26368.468572395064
2021-01-17 22:00:00,25673.39,-1.076581352757225,25572.94766127297
2021-01-17 23:00:00,24657.22,-1.0516652101619615,24660.612154013383
2021-01-18 00:00:00,23958.36,-1.0516652101619615,23889.477505990308
2021-01-18 01:00:00,23631.1,-1.0599705910270494,23470.12412924029
2021-01-18 02:00:00,23520.64,-1.068275971892137,23395.29475653598
2021-01-18 03:00:00,23631.12,-1.0848867336223127,23392.844751284625
2021-01-18 04:00:00,23838.93,-1.1014974953524885,23910.26392471786
2021-01-18 05:00:00,24505.93,-1.1430243996779275,24832.844215832283
2021-01-18 06:00:00,25690.06,-1.20946744659863,26354.71849856468
2021-01-18 07:00:00,27714.51,-1.2260782083288055,28394.309274931908
2021-01-18 08:00:00,29273.12,-1.2509943509240689,29897.038682198614
2021-01-18 09:00:00,29641.36,-1.2426889700589812,29935.64495356581
2021-01-18 10:00:00,29208.99,-1.2260782083288055,29617.65781750322
2021-01-18 11:00:00,28671.15,-1.2011620657335422,29412.035442979315
2021-01-18 12:00:00,28076.16,-1.2011620657335422,29745.032141221862
2021-01-18 13:00:00,27531.83,-1.1845513040033666,30071.51611144927
2021-01-18 14:00:00,27013.01,-1.2011620657335422,29657.229839599142
2021-01-18 15:00:00,26697.26,-1.2011620657335422,29504.215829975114
2021-01-18 16:00:00,27378.78,-1.2343835891938932,29921.081933563095
2021-01-18 17:00:00,29497.11,-1.3091320169796836,31746.50868681885
2021-01-18 18:00:00,31289.57,-1.3755750639003859,32909.134344363054
2021-01-18 19:00:00,30903.72,-1.4337127299560009,32173.110192264456
2021-01-18 20:00:00,30392.52,-1.508461157741791,31688.074806208937
2021-01-18 21:00:00,29930.78,-1.5749042046624935,31099.90076980292
2021-01-18 22:00:00,28902.08,-1.516766538606879,29770.716233392894
2021-01-18 23:00:00,27855.17,-1.6164311089879326,28874.079698317426
2021-01-19 00:00:00,27090.49,-1.691179536773723,28125.380734116072
2021-01-19 01:00:00,26880.58,-1.8323710114802154,27822.06853463863
2021-01-19 02:00:00,26978.93,-1.724401060234074,27615.601242945166
2021-01-19 03:00:00,27184.34,-1.732706441099162,27876.334960473956
2021-01-19 04:00:00,27501.67,-1.7991494880198642,28592.88145768139
2021-01-19 05:00:00,28180.07,-1.7410118219642496,28707.38286828297
2021-01-19 06:00:00,29324.97,-1.6994849176388107,28991.01292939395
2021-01-19 07:00:00,31371.16,-1.8572871540754792,31579.194909151956
2021-01-19 08:00:00,32909.44,-1.8572871540754792,32886.56889786569
2021-01-19 09:00:00,32503.63,-1.6994849176388107,32479.58874326282
2021-01-19 10:00:00,30913.12,-1.591514966392669,31510.203555779048
2021-01-19 11:00:00,29862.01,-1.4835450151465277,30704.425352205923
2021-01-19 12:00:00,29051.51,-1.3838804447654738,30359.606554057096
2021-01-19 13:00:00,28124.94,-1.3174373978447713,29911.14523405203
2021-01-19 14:00:00,27653.95,-1.2676051126542447,29905.015825689647
2021-01-19 15:00:00,27881.78,-1.2343835891938932,30118.764248397798
2021-01-19 16:00:00,28982.5,-1.2509943509240689,30889.714716487608
2021-01-19 17:00:00,31034.5,-1.2676051126542447,32128.26407706412
2021-01-19 18:00:00,32325.14,-1.2592997317891568,32907.0935628711
2021-01-19 19:00:00,31940.99,-1.2509943509240689,33124.1474590971
2021-01-19 20:00:00,31467.9,-1.2676051126542447,32412.51704576884
2021-01-19 21:00:00,30691.89,-1.2592997317891568,30979.007127712106
2021-01-19 22:00:00,29596.67,-1.334048159574947,30295.47422669029
2021-01-19 23:00:00,28266.63,-1.3589643021702107,29047.410119440505
2021-01-20 00:00:00,27297.08,-1.3755750639003859,27937.52136893724
2021-01-20 01:00:00,26919.65,-1.417101968225825,27359.03172731767
2021-01-20 02:00:00,26913.51,-1.516766538606879,27612.04332259629
2021-01-20 03:00:00,27103.36,-1.4420181108210888,27272.70669029072
2021-01-20 04:00:00,27272.95,-1.4503234916861765,27457.386607900607
2021-01-20 05:00:00,27697.05,-1.3838804447654738,27487.643873247263
2021-01-20 06:00:00,28745.3,-1.3838804447654738,28549.652097099086
2021-01-20 07:00:00,30634.47,-1.3672696830352984,30111.91241707005
2021-01-20 08:00:00,32003.86,-1.4918503960116154,32066.67682248663
2021-01-20 09:00:00,31796.11,-1.4669342534163519,31886.530867706882
2021-01-20 10:00:00,30282.21,-1.417101968225825,30835.50901056022
2021-01-20 11:00:00,29167.88,-1.3091320169796836,29933.35721895991
2021-01-20 12:00:00,28439.95,-1.2759104935193324,29201.20901088093
2021-01-20 13:00:00,27742.21,-1.2426889700589812,28838.643562005185
2021-01-20 14:00:00,27349.52,-1.2343835891938932,27813.25842561628
2021-01-20 15:00:00,27444.51,-1.3008266361145957,27856.39406277667
2021-01-20 16:00:00,28318.29,-1.3589643021702107,28586.543767972777
2021-01-20 17:00:00,30555.9,-1.4669342534163519,31349.184037797797
2021-01-20 18:00:00,32370.03,-1.5333773003370545,32942.812463659524
2021-01-20 19:00:00,32287.75,-1.62473648985302,32754.066617194396
2021-01-20 20:00:00,31698.46,-1.732706441099162,32256.503962417
2021-01-20 21:00:00,31286.9,-1.7908441071547763,31633.977002447373
2021-01-20 22:00:00,30475.96,-1.8572871540754792,31031.424337526874
2021-01-20 23:00:00,29321.41,-1.8988140584009183,29724.096600086938
2021-01-21 00:00:00,28485.17,-1.9237302009961814,28641.64595556732
2021-01-21 01:00:00,28322.51,-1.948646343591445,28083.80015136342
2021-01-21 02:00:00,28616.2,-1.9237302009961814,27864.42843362841
2021-01-21 03:00:00,28768.3,-1.732706441099162,27857.735026166207
2021-01-21 04:00:00,29087.0,-1.724401060234074,28348.11269152024
2021-01-21 05:00:00,29612.15,-1.6496526324482839,28710.897310244494
2021-01-21 06:00:00,30615.8,-1.6496526324482839,30005.203072736498
2021-01-21 07:00:00,32423.34,-1.641347251583196,31504.722013567356
2021-01-21 08:00:00,33606.62,-1.5665988237974058,32605.732719715386
2021-01-21 09:00:00,33740.84,-1.508461157741791,32624.132727370004
2021-01-21 10:00:00,32865.62,-1.4004912064956496,31470.324903351528
2021-01-21 11:00:00,32508.54,-1.3423535404400349,30993.12618404665
2021-01-21 12:00:00,32175.87,-1.292521255249508,30191.66508152948
2021-01-21 13:00:00,31808.54,-1.2343835891938932,29859.117469697765
2021-01-21 14:00:00,31207.29,-1.1762459231382787,28890.918916108327
2021-01-21 15:00:00,30779.9,-1.1347190188128395,28628.7286705155
2021-01-21 16:00:00,31163.57,-1.109802876217576,29169.530392898952
2021-01-21 17:00:00,32336.27,-1.0848867336223127,30577.365965495985
2021-01-21 18:00:00,32934.26,-1.0433598292968738,31171.2181616184
2021-01-21 19:00:00,32557.25,-1.0018329249714346,30925.867901911126
2021-01-21 20:00:00,31844.31,-0.9769167823761714,30112.904785534236
2021-01-21 21:00:00,30888.74,-0.9520006397809079,29337.104507373777
2021-01-21 22:00:00,29919.53,-1.1264136379477518,28317.15517540548
2021-01-21 23:00:00,28483.02,-1.2011620657335422,27034.84505056823
2021-01-22 00:00:00,27464.01,-1.2177728274637176,26486.084422536933
2021-01-22 01:00:00,26993.76,-1.1347190188128395,26006.851661884823
2021-01-22 02:00:00,26800.51,-1.159635161408103,26238.436313127415
2021-01-22 03:00:00,26680.03,-1.1762459231382787,26459.651102145825
2021-01-22 04:00:00,26868.21,-1.159635161408103,26858.21687138509
2021-01-22 05:00:00,27290.46,-1.1264136379477518,26666.974907936237
2021-01-22 06:00:00,28168.92,-1.1513297805430152,27229.216925424887
2021-01-22 07:00:00,29760.32,-1.159635161408103,28838.71431390502
2021-01-22 08:00:00,31060.48,-1.1430243996779275,29933.559358005874
2021-01-22 09:00:00,30930.34,-1.076581352757225,29925.86143850888
2021-01-22 10:00:00,29908.29,-0.9769167823761714,28733.378024285586
2021-01-22 11:00:00,29105.39,-0.9270844971856443,27755.579286367632
2021-01-22 12:00:00,28836.67,-0.9520006397809079,27182.25155517393
2021-01-22 13:00:00,28414.64,-0.9935275441063469,26535.935011231133
2021-01-22 14:00:00,27980.12,-1.0018329249714346,26309.46188490626
2021-01-22 15:00:00,28129.02,-1.0516652101619615,26247.860927976602
2021-01-22 16:00:00,28859.21,-1.109802876217576,26967.018300788855
2021-01-22 17:00:00,30167.67,-1.1264136379477518,28602.110219918173
2021-01-22 18:00:00,31216.77,-1.1347190188128395,29802.569888144983
2021-01-22 19:00:00,30736.54,-1.1845513040033666,29650.595782980974
2021-01-22 20:00:00,30192.77,-1.20946744659863,28978.781054596046
2021-01-22 21:00:00,29439.85,-1.2509943509240689,28589.014432819135
2021-01-22 22:00:00,28492.16,-1.3174373978447713,27834.79839313752
2021-01-22 23:00:00,27622.98,-1.3755750639003859,26766.951016994997
2021-01-23 00:00:00,26833.1,-1.417101968225825,25883.766984280817
2021-01-23 01:00:00,26432.74,-1.508461157741791,25637.806440828557
2021-01-23 02:00:00,26337.72,-1.5665988237974058,25981.73910109159
2021-01-23 03:00:00,26639.38,-1.5832095855275812,26350.033679009764
2021-01-23 04:00:00,27082.89,-1.641347251583196,27079.348891565613
2021-01-23 05:00:00,27640.18,-1.7410118219642496,28275.756267195862
2021-01-23 06:00:00,28632.4,-1.81576024975004,29130.25497429856
2021-01-23 07:00:00,29687.4,-1.8323710114802154,30059.72725212316
2021-01-23 08:00:00,30691.41,-1.7991494880198642,30586.349551180123
2021-01-23 09:00:00,31085.56,-1.732706441099162,31305.31569356581
2021-01-23 10:00:00,30685.41,-1.716095679368986,31097.92291422773
2021-01-23 11:00:00,30157.83,-1.724401060234074,30355.434854518546
2021-01-23 12:00:00,29616.48,-1.716095679368986,30092.412231900533
2021-01-23 13:00:00,29073.15,-1.732706441099162,29366.92896650769
2021-01-23 14:00:00,28438.21,-1.716095679368986,28642.491432219336
2021-01-23 15:00:00,28362.54,-1.716095679368986,28494.200567992033
2021-01-23 16:00:00,29380.61,-1.7410118219642496,29307.750547418
2021-01-23 17:00:00,31499.27,-1.7493172028293373,31723.931619250805
2021-01-23 18:00:00,33177.93,-1.7493172028293373,33107.9483775516
2021-01-23 19:00:00,32849.3,-1.774233345424601,32406.802497746172
2021-01-23 20:00:00,32161.98,-1.7908441071547763,32253.510475697898
2021-01-23 21:00:00,31712.41,-1.8323710114802154,31626.625499322294
2021-01-23 22:00:00,30941.85,-1.8572871540754792,31029.57568002536
2021-01-23 23:00:00,30169.13,-1.8988140584009183,29929.565957065905
2021-01-24 00:00:00,29579.17,-1.9403409627263573,29262.311027340133
2021-01-24 01:00:00,29316.07,-1.9818678670517964,29268.036534373507
2021-01-24 02:00:00,29287.44,-2.0067840096470593,30169.88537409008
2021-01-24 03:00:00,29666.3,-2.0067840096470593,30575.75130893972
2021-01-24 04:00:00,30132.61,-2.0317001522423226,32043.77568024349
2021-01-24 05:00:00,30509.49,-2.0649216757026743,32341.219451562516
2021-01-24 06:00:00,31070.19,-2.1064485800281134,32233.993034078878
2021-01-24 07:00:00,32182.1,-2.1313647226233767,33255.898796173875
2021-01-24 08:00:00,33038.27,-2.1313647226233767,34003.922417977
2021-01-24 09:00:00,32980.41,-2.0732270565677617,34128.15782891976
2021-01-24 10:00:00,32268.93,-1.9569517244565324,33395.39110838745
2021-01-24 11:00:00,31553.09,-1.8655925349405669,32731.606112719677
2021-01-24 12:00:00,30717.6,-1.7659279645595132,31710.025457650987
2021-01-24 13:00:00,30009.4,-1.6662633941784593,31331.423891183455
2021-01-24 14:00:00,29187.68,-1.5749042046624935,30531.17299553668
2021-01-24 15:00:00,28885.65,-1.5333773003370545,30044.09095191956
2021-01-24 16:00:00,29477.57,-1.5832095855275812,31542.823908637958
2021-01-24 17:00:00,31513.14,-1.641347251583196,32904.26255147144
2021-01-24 18:00:00,33368.12,-1.6745687750435472,34670.343904477704
2021-01-24 19:00:00,33049.27,-1.7576225836944253,34580.39177959589
2021-01-24 20:00:00,32496.66,-1.7659279645595132,34073.743385250615
2021-01-24 21:00:00,31830.81,-1.7991494880198642,33181.65154507102
2021-01-24 22:00:00,30948.45,-1.8323710114802154,31580.697951655966
2021-01-24 23:00:00,29930.38,-1.8905086775358302,30808.711809984925
2021-01-25 00:00:00,28885.22,-1.8489817732103913,30134.44239480279
2021-01-25 01:00:00,28651.18,-1.8572871540754792,29979.753392801256
2021-01-25 02:00:00,28712.64,-1.8988140584009183,29903.642261302048
2021-01-25 03:00:00,28995.24,-1.8988140584009183,30304.793675596015
2021-01-25 04:00:00,29262.9,-1.9735624861867085,30712.518017243856
2021-01-25 05:00:00,29896.11,-1.9901732479168839,30894.069546820956
2021-01-25 06:00:00,31075.82,-1.9652571053216203,31849.037430098626
2021-01-25 07:00:00,33045.35,-1.9984786287819716,34456.636488954464
2021-01-25 08:00:00,34368.57,-1.948646343591445,35888.829401945644
2021-01-25 09:00:00,33807.21,-1.7908441071547763,35027.198544895495
2021-01-25 10:00:00,32431.71,-1.6164311089879326,33036.85246796172
2021-01-25 11:00:00,31219.96,-1.508461157741791,31995.96349507026
2021-01-25 12:00:00,30147.32,-1.417101968225825,31060.375351631035
2021-01-25 13:00:00,29387.53,-1.2592997317891568,30775.38191147066
2021-01-25 14:00:00,28625.66,-1.2177728274637176,29799.372447204256
2021-01-25 15:00:00,28428.74,-1.2011620657335422,29227.938604563184
2021-01-25 16:00:00,29357.38,-1.20946744659863,30632.488995185686
2021-01-25 17:00:00,31078.91,-1.3174373978447713,32782.02723928325
2021-01-25 18:00:00,32598.42,-1.4420181108210888,34859.65102668035
2021-01-25 19:00:00,32111.52,-1.4004912064956496,34253.36167509571
2021-01-25 20:00:00,31591.29,-1.2509943509240689,32869.88219323287
2021-01-25 21:00:00,30699.9,-1.2343835891938932,32026.39085320429
2021-01-25 22:00:00,29778.36,-1.2260782083288055,30501.25674555048
2021-01-25 23:00:00,28578.03,-1.2011620657335422,28916.562954501827
2021-01-26 00:00:00,27746.07,-1.2343835891938932,27598.100940301047
2021-01-26 01:00:00,27304.49,-1.2343835891938932,27056.375898437942
2021-01-26 02:00:00,27221.36,-1.2177728274637176,26366.654689381092
2021-01-26 03:00:00,27352.68,-1.2343835891938932,26356.60198902111
2021-01-26 04:00:00,27686.5,-1.3008266361145957,26030.840228827266
2021-01-26 05:00:00,28089.06,-1.3838804447654738,26333.689585875898
2021-01-26 06:00:00,29212.94,-1.3257427787098592,27566.04383025852
2021-01-26 07:00:00,30901.88,-1.3423535404400349,29322.65820009911
2021-01-26 08:00:00,32153.81,-1.3838804447654738,30956.867623185517
2021-01-26 09:00:00,31912.88,-1.3589643021702107,30938.44178291415
2021-01-26 10:00:00,30622.0,-1.292521255249508,29713.89307004428
2021-01-26 11:00:00,29171.86,-1.1513297805430152,28190.893977525822
2021-01-26 12:00:00,28094.13,-1.0931921144874006,27606.44434863317
2021-01-26 13:00:00,27248.94,-1.076581352757225,26629.661668221
2021-01-26 14:00:00,26697.89,-1.109802876217576,25989.182237867724
2021-01-26 15:00:00,27034.3,-1.1014974953524885,26243.193074343322
2021-01-26 16:00:00,27862.2,-1.0848867336223127,27591.74624893404
2021-01-26 17:00:00,29740.19,-1.0599705910270494,28967.3102818981
2021-01-26 18:00:00,31178.61,-1.0433598292968738,29966.45913054856
2021-01-26 19:00:00,30755.45,-1.1430243996779275,30252.214245532916
2021-01-26 20:00:00,30227.17,-1.1762459231382787,30292.885611066107
2021-01-26 21:00:00,29370.93,-1.1928566848684543,29321.559479607567
2021-01-26 22:00:00,28399.52,-1.1928566848684543,28274.16199709728
2021-01-26 23:00:00,27181.78,-1.2011620657335422,27248.55717471535
2021-01-27 00:00:00,26171.38,-1.1845513040033666,26477.317086560404
2021-01-27 01:00:00,25792.13,-1.1845513040033666,26176.37363161139
2021-01-27 02:00:00,25562.21,-1.1845513040033666,25708.721320746874
2021-01-27 03:00:00,25572.68,-1.2011620657335422,25863.260976732545
2021-01-27 04:00:00,25623.46,-1.1845513040033666,26114.496719425806
2021-01-27 05:00:00,26140.91,-1.1513297805430152,26576.64220519606
2021-01-27 06:00:00,27212.5,-1.1264136379477518,27722.293533689986
2021-01-27 07:00:00,28905.44,-1.1014974953524885,29125.293365110207
2021-01-27 08:00:00,30145.88,-1.076581352757225,30206.978442189178
2021-01-27 09:00:00,30030.52,-1.035054448431786,29837.970533431184
2021-01-27 10:00:00,29243.75,-1.0018329249714346,29306.987144134277
2021-01-27 11:00:00,28429.61,-0.9187791163205566,28742.539255522024
2021-01-27 12:00:00,27958.62,-0.8772522119951176,28156.06107488577
2021-01-27 13:00:00,27494.16,-0.8357253076696786,27777.855365733358
2021-01-27 14:00:00,27151.36,-0.819114545939503,27383.81457453804
2021-01-27 15:00:00,27306.73,-0.8689468311300298,27464.36170806295
2021-01-27 16:00:00,27928.34,-0.8689468311300298,27843.62467479076
2021-01-27 17:00:00,29146.24,-0.9353898780507323,29604.474172944512
2021-01-27 18:00:00,30180.69,-0.9686114015110834,30891.21906853969
2021-01-27 19:00:00,29798.63,-0.9935275441063469,30028.547726291756
2021-01-27 20:00:00,29301.1,-1.0101383058365225,29233.853964797123
2021-01-27 21:00:00,28371.87,-1.0184436867016105,28567.10906461593
2021-01-27 22:00:00,27318.01,-1.0599705910270494,27598.072176684098
2021-01-27 23:00:00,26106.69,-1.0931921144874006,26336.858793972686
2021-01-28 00:00:00,25189.0,-1.1181082570826641,25267.88145694735
2021-01-28 01:00:00,24817.27,-1.1181082570826641,24971.78893181366
2021-01-28 02:00:00,24820.99,-1.1181082570826641,24643.662413258095
2021-01-28 03:00:00,24894.48,-1.1430243996779275,24739.490716968787
2021-01-28 04:00:00,25157.87,-1.1928566848684543,24903.82625480755
2021-01-28 05:00:00,25666.31,-1.2177728274637176,25460.567693233737
2021-01-28 06:00:00,26700.09,-1.2343835891938932,26762.558526410186
2021-01-28 07:00:00,28716.81,-1.2759104935193324,28762.581829164483
2021-01-28 08:00:00,30002.96,-1.2759104935193324,30204.596172515772
2021-01-28 09:00:00,30416.59,-1.2842158743844203,30350.687020475205
2021-01-28 10:00:00,29918.54,-1.2592997317891568,29462.809244578082
2021-01-28 11:00:00,29168.21,-1.2509943509240689,28805.535785544565
2021-01-28 12:00:00,28703.17,-1.2676051126542447,28396.85836415796
2021-01-28 13:00:00,28558.39,-1.3008266361145957,28323.57221821279
2021-01-28 14:00:00,28569.84,-1.3174373978447713,27928.344158166976
2021-01-28 15:00:00,28813.25,-1.3589643021702107,28084.20416835787
2021-01-28 16:00:00,29611.57,-1.4087965873607373,28955.17659352735
2021-01-28 17:00:00,31274.83,-1.458628872551264,30261.855349101108
2021-01-28 18:00:00,32700.53,-1.508461157741791,31593.833662709556
2021-01-28 19:00:00,32586.02,-1.5832095855275812,31875.141536459436
2021-01-28 20:00:00,32270.4,-1.691179536773723,31947.37127976484
2021-01-28 21:00:00,31774.76,-1.807454868884952,31500.105905671444
2021-01-28 22:00:00,30980.86,-1.9320355818612693,31026.429738471234
2021-01-28 23:00:00,30040.99,-1.9901732479168839,29658.572811897626
2021-01-29 00:00:00,29279.27,-2.0067840096470593,28660.1829293391
2021-01-29 01:00:00,29103.82,-2.0067840096470593,27980.93909823383
2021-01-29 02:00:00,29215.8,-2.0150893905121476,28642.860170655076
2021-01-29 03:00:00,29429.26,-2.0732270565677617,29225.707601117803
2021-01-29 04:00:00,29741.86,-2.0732270565677617,30226.087341730283
2021-01-29 05:00:00,30521.96,-2.0732270565677617,31088.18300679619
2021-01-29 06:00:00,31696.38,-2.0732270565677617,31914.143578962874
2021-01-29 07:00:00,33485.8,-2.0898378182979376,33524.15625678177
2021-01-29 08:00:00,35054.76,-2.1313647226233767,35155.26353556099
2021-01-29 09:00:00,34467.27,-2.0483109139724984,35176.66364536962
2021-01-29 10:00:00,33150.83,-1.9652571053216203,34058.34961378506
2021-01-29 11:00:00,32047.64,-1.8988140584009183,32895.02263772659
2021-01-29 12:00:00,31213.05,-1.8489817732103913,31842.760901119484
2021-01-29 13:00:00,30437.07,-1.81576024975004,30183.782795614876
2021-01-29 14:00:00,29803.35,-1.774233345424601,29437.569306383084
2021-01-29 15:00:00,29659.55,-1.7410118219642496,29149.21069685697
2021-01-29 16:00:00,30440.33,-1.7410118219642496,29709.038043386976
2021-01-29 17:00:00,32257.25,-1.7825387262896888,31791.900905426333
2021-01-29 18:00:00,33933.83,-1.8489817732103913,34269.75683856338
2021-01-29 19:00:00,33736.96,-1.8489817732103913,34112.01876621289
2021-01-29 20:00:00,33328.12,-1.8655925349405669,33555.35161239256
2021-01-29 21:00:00,32610.21,-1.9403409627263573,32951.046560991614
2021-01-29 22:00:00,31725.9,-2.0317001522423226,32043.7239829966
2021-01-29 23:00:00,30742.41,-1.9237302009961814,30545.64484879886
2021-01-30 00:00:00,29821.71,-1.8738979158056543,29822.896815883658
2021-01-30 01:00:00,29260.1,-1.8572871540754792,29720.653924047416
2021-01-30 02:00:00,29381.77,-1.8406763923453033,29971.12861384545
2021-01-30 03:00:00,29426.17,-1.807454868884952,30073.663024393485
2021-01-30 04:00:00,29627.64,-1.81576024975004,30311.41453289708
2021-01-30 05:00:00,30169.6,-1.81576024975004,30333.59913462936
2021-01-30 06:00:00,30693.41,-1.8240656306151277,30788.43946214857
2021-01-30 07:00:00,31732.01,-1.8323710114802154,31389.17028980339
2021-01-30 08:00:00,32509.94,-1.8572871540754792,32342.527043332728
2021-01-30 09:00:00,32933.01,-1.8240656306151277,32898.55095385136
2021-01-30 10:00:00,32762.91,-1.81576024975004,32610.34223832895
2021-01-30 11:00:00,32260.31,-1.7908441071547763,31834.06368169126
2021-01-30 12:00:00,31597.05,-1.7493172028293373,31122.217964219784
2021-01-30 13:00:00,31084.65,-1.724401060234074,31206.451388067588
2021-01-30 14:00:00,30315.52,-1.691179536773723,29983.81548246155
2021-01-30 15:00:00,29832.78,-1.6579580133133716,29696.750077484387
2021-01-30 16:00:00,29834.41,-1.716095679368986,29546.364488047377
2021-01-30 17:00:00,31553.71,-1.807454868884952,31349.41174034741
2021-01-30 18:00:00,33520.55,-1.8572871540754792,33075.49619800929
2021-01-30 19:00:00,33377.73,-1.8738979158056543,32575.92288941718
2021-01-30 20:00:00,32922.15,-1.8822032966707423,32029.821698966938
2021-01-30 21:00:00,32378.56,-1.9320355818612693,31277.82598592942
2021-01-30 22:00:00,31719.43,-2.0732270565677617,30764.546110477335
2021-01-30 23:00:00,31210.66,-2.1895023886789917,30461.348749758163
2021-01-31 00:00:00,30862.66,-2.1479754843535526,29707.69841390255
2021-01-31 01:00:00,30456.0,-2.123059341758289,29491.83228485954
2021-01-31 02:00:00,30501.36,-2.0981431991630255,29844.36459282465
2021-01-31 03:00:00,30943.14,-2.181197007813904,30282.835253735007
2021-01-31 04:00:00,31491.05,-2.3140831016553087,31259.981900880088
2021-01-31 05:00:00,32001.99,-2.2227239121393425,31566.506169941415
2021-01-31 06:00:00,32779.86,-2.4386638146316257,32834.01615190024
2021-01-31 07:00:00,33928.97,-2.372220767710923,33625.745824152815
2021-01-31 08:00:00,34484.18,-2.2559454355996937,33991.35727816556
2021-01-31 09:00:00,34037.89,-2.1479754843535526,34076.20162863824
2021-01-31 10:00:00,33097.38,-2.0150893905121476,32913.70116669367
2021-01-31 11:00:00,32164.42,-1.9154248201310935,32087.504276412776
2021-01-31 12:00:00,31336.71,-1.8572871540754792,30888.743977217116
2021-01-31 13:00:00,30378.57,-1.8240656306151277,30838.52174131402
2021-01-31 14:00:00,29384.92,-1.732706441099162,30039.25983676069
2021-01-31 15:00:00,29014.51,-1.691179536773723,29630.219049343155
2021-01-31 16:00:00,29602.56,-1.7908441071547763,30712.6828283749
2021-01-31 17:00:00,31650.51,-1.8406763923453033,32729.751853828944
2021-01-31 18:00:00,33943.3,-1.9403409627263573,34976.50284205085
2021-01-31 19:00:00,33994.17,-2.0317001522423226,35560.69149484019
2021-01-31 20:00:00,33824.07,-2.0732270565677617,35073.50225290627
2021-01-31 21:00:00,33386.22,-2.0566162948375863,34565.08432805454
2021-01-31 22:00:00,32417.15,-2.1396701034884646,32997.17359945483
2021-01-31 23:00:00,31650.23,-2.2310292930044304,32068.996412390614
2021-02-01 00:00:00,31076.87,-2.2061131504091667,31440.77182553913
2021-02-01 01:00:00,31073.48,-2.1479754843535526,30926.03577133754
2021-02-01 02:00:00,31219.16,-2.114753960893201,30923.195546342115
2021-02-01 03:00:00,31458.35,-2.1313647226233767,31194.895187029113
2021-02-01 04:00:00,31827.28,-2.1645862460837275,31735.386948048752
2021-02-01 05:00:00,32543.46,-2.1978077695440787,32547.6483597731
2021-02-01 06:00:00,33365.8,-2.1645862460837275,33237.37248646031
2021-02-01 07:00:00,35273.24,-2.123059341758289,35688.37922426022
2021-02-01 08:00:00,36399.57,-2.0483109139724984,36761.126712123165
2021-02-01 09:00:00,35610.12,-1.8988140584009183,36010.813770520224
2021-02-01 10:00:00,33988.72,-1.774233345424601,34781.40597050793
2021-02-01 11:00:00,32842.1,-1.6579580133133716,33659.32462205846
2021-02-01 12:00:00,31442.25,-1.516766538606879,32311.47947219211
2021-02-01 13:00:00,30490.51,-1.425407349090913,31618.599223233505
2021-02-01 14:00:00,29396.55,-1.292521255249508,30949.58007276514
2021-02-01 15:00:00,28629.29,-1.2592997317891568,30604.3592931166
2021-02-01 16:00:00,29168.1,-1.2676051126542447,30145.779872741477
2021-02-01 17:00:00,30980.14,-1.2842158743844203,31983.01899022814
2021-02-01 18:00:00,32971.66,-1.3008266361145957,33803.95519961381
2021-02-01 19:00:00,32745.05,-1.2759104935193324,33164.265703548066
2021-02-01 20:00:00,32255.1,-1.2426889700589812,32508.25808734465
2021-02-01 21:00:00,31350.55,-1.2592997317891568,31708.349081586155
2021-02-01 22:00:00,30129.69,-1.292521255249508,30320.30781384622
2021-02-01 23:00:00,29043.05,-1.292521255249508,29027.156181655013
2021-02-02 00:00:00,28092.43,-1.3091320169796836,28281.860023876143
2021-02-02 01:00:00,27747.56,-1.2842158743844203,28252.89396700259
2021-02-02 02:00:00,27465.66,-1.2509943509240689,27781.343666019995
2021-02-02 03:00:00,27443.86,-1.2260782083288055,27326.194505719843
2021-02-02 04:00:00,27753.02,-1.1762459231382787,26765.478025111803
2021-02-02 05:00:00,28248.24,-1.1513297805430152,26563.86012199019
2021-02-02 06:00:00,29176.29,-1.1014974953524885,27414.015194939362
2021-02-02 07:00:00,30939.73,-1.068275971892137,29164.68997204746
2021-02-02 08:00:00,32311.54,-1.0433598292968738,30095.31158714849
2021-02-02 09:00:00,32205.86,-1.0516652101619615,29818.484584270733
2021-02-02 10:00:00,31507.33,-1.068275971892137,28973.640142469198
2021-02-02 11:00:00,30916.7,-1.0848867336223127,28341.897844570107
2021-02-02 12:00:00,30765.77,-1.0848867336223127,28034.950503476088
2021-02-02 13:00:00,30410.33,-1.0516652101619615,27506.79809618763
2021-02-02 14:00:00,30094.98,-1.035054448431786,27345.821055013253
2021-02-02 15:00:00,29915.87,-1.0018329249714346,27373.968517764806
2021-02-02 16:00:00,29914.42,-0.9520006397809079,27607.93281835988
2021-02-02 17:00:00,30763.64,-0.8855575928602053,28785.27334589424
2021-02-02 18:00:00,31253.12,-0.8606414502649419,29793.438146547527
2021-02-02 19:00:00,30799.98,-0.819114545939503,29038.85601459371
2021-02-02 20:00:00,30016.84,-0.8274199268045908,28495.757625190985
2021-02-02 21:00:00,28925.57,-0.8606414502649419,27661.295494522023
2021-02-02 22:00:00,27912.09,-0.8772522119951176,26541.687096403133
2021-02-02 23:00:00,26767.72,-0.8855575928602053,25608.0941674843
2021-02-03 00:00:00,25665.0,-0.8772522119951176,24840.144239525293
2021-02-03 01:00:00,25369.3,-0.8855575928602053,24754.126406597785
2021-02-03 02:00:00,25243.3,-0.9021683545903809,24650.857843302674
2021-02-03 03:00:00,25116.86,-0.9104737354554688,25124.305914150795
2021-02-03 04:00:00,25195.91,-0.9021683545903809,25006.08377611789
2021-02-03 05:00:00,25437.79,-0.8689468311300298,25652.844508958027
2021-02-03 06:00:00,26409.68,-0.8606414502649419,26655.843450773707
2021-02-03 07:00:00,28373.46,-0.8606414502649419,28513.64130289762
2021-02-03 08:00:00,29264.53,-0.8274199268045908,29631.811676768903
2021-02-03 09:00:00,28950.13,-0.8025037842093272,29625.863480503845
2021-02-03 10:00:00,28186.76,-0.7443661181537127,28611.535792528564
2021-02-03 11:00:00,27215.46,-0.6945338329631858,27925.051976973842
2021-02-03 12:00:00,26730.45,-0.644701547772659,27635.249618143273
2021-02-03 13:00:00,26458.38,-0.5865638817170443,26669.67336476963
2021-02-03 14:00:00,26143.5,-0.5616477391217809,26604.868820031246
2021-02-03 15:00:00,26108.19,-0.5367315965265175,26339.32368667017
2021-02-03 16:00:00,26708.13,-0.5699531199868686,26665.395576007195
2021-02-03 17:00:00,27949.92,-0.727755356423537,28330.032242493315
2021-02-03 18:00:00,29225.84,-0.7941984033442395,29349.902405633784
2021-02-03 19:00:00,28948.13,-0.7858930224791517,29137.06565836308
2021-02-03 20:00:00,28325.63,-0.7526714990188005,28273.197419745633
2021-02-03 21:00:00,27397.22,-0.7194499755584491,27302.61897690402
2021-02-03 22:00:00,26220.31,-0.727755356423537,26258.506186342725
2021-02-03 23:00:00,25148.17,-0.769282260748976,25377.525124345586
2021-02-04 00:00:00,24165.58,-0.8357253076696786,24533.32510681865
2021-02-04 01:00:00,23708.44,-0.8357253076696786,24149.07281069214
2021-02-04 02:00:00,23582.96,-0.7858930224791517,23499.037665590608
2021-02-04 03:00:00,23686.71,-0.7526714990188005,23225.92462802736
2021-02-04 04:00:00,23746.74,-0.8025037842093272,23204.998829879703
2021-02-04 05:00:00,24147.66,-0.8357253076696786,23742.348479782584
2021-02-04 06:00:00,25383.26,-0.9603060206459957,25122.672492273814
2021-02-04 07:00:00,27455.53,-1.0433598292968738,27609.562053010763
2021-02-04 08:00:00,28809.87,-1.0848867336223127,29627.059738282438
2021-02-04 09:00:00,28353.85,-0.9769167823761714,29076.29850092079
2021-02-04 10:00:00,26652.5,-0.8440306885347663,27745.872917239325
2021-02-04 11:00:00,25452.11,-0.769282260748976,26780.037262044985
2021-02-04 12:00:00,24793.74,-0.819114545939503,26173.54263958281
2021-02-04 13:00:00,24228.07,-0.8025037842093272,25734.940199288176
2021-02-04 14:00:00,23639.34,-0.7775876416140639,25173.18630734753
2021-02-04 15:00:00,23459.61,-0.727755356423537,25103.71718458937
2021-02-04 16:00:00,23821.57,-0.7194499755584491,25883.496790359994
2021-02-04 17:00:00,25490.8,-0.8523360693998542,27489.407791274298
2021-02-04 18:00:00,27765.15,-0.9187791163205566,28941.32939372772
2021-02-04 19:00:00,28062.38,-0.985222163241259,28940.383893081842
2021-02-04 20:00:00,27759.46,-1.0516652101619615,28542.563364963167
2021-02-04 21:00:00,27214.88,-0.9686114015110834,27787.15015680442
2021-02-04 22:00:00,26366.01,-1.035054448431786,26968.76466132536
2021-02-04 23:00:00,25404.3,-1.1014974953524885,26224.965771984196
2021-02-05 00:00:00,24692.09,-1.1181082570826641,25223.228934986597
2021-02-05 01:00:00,24563.0,-1.20946744659863,25357.380871138077
2021-02-05 02:00:00,24645.35,-1.2759104935193324,25262.83479102843
2021-02-05 03:00:00,24953.6,-1.3008266361145957,25746.071639805876
2021-02-05 04:00:00,25229.36,-1.159635161408103,25214.771877372823
2021-02-05 05:00:00,25919.48,-1.109802876217576,25529.06006409284
2021-02-05 06:00:00,27067.38,-1.026749067566698,25880.19824219811
2021-02-05 07:00:00,28948.18,-0.985222163241259,27760.240407995825
2021-02-05 08:00:00,30317.49,-0.8938629737252932,28977.031181408198
2021-02-05 09:00:00,30317.05,-0.819114545939503,28603.603910096495
2021-02-05 10:00:00,29755.1,-0.9520006397809079,28725.06486968535
2021-02-05 11:00:00,29488.8,-1.0101383058365225,28251.22822033528
2021-02-05 12:00:00,29168.8,-0.6862284520980979,26678.612006936437
2021-02-05 13:00:00,28729.59,-0.6114800243123076,26218.000253166298
2021-02-05 14:00:00,27673.8,-0.6696176903679224,25913.242427541627
2021-02-05 15:00:00,27148.34,-0.7609768798838882,26026.62361249608
2021-02-05 16:00:00,26892.74,-0.553342358256693,26152.846652047876
2021-02-05 17:00:00,27729.61,-0.5616477391217809,27103.994151763807
2021-02-05 18:00:00,28933.95,-0.6945338329631858,28711.535875333466
2021-02-05 19:00:00,28602.42,-0.769282260748976,28268.9209853357
2021-02-05 20:00:00,27891.22,-0.727755356423537,27459.01205611309
2021-02-05 21:00:00,27167.66,-0.769282260748976,26622.276303619376
2021-02-05 22:00:00,26285.24,-0.8357253076696786,25930.09693697706
2021-02-05 23:00:00,25226.94,-0.8772522119951176,24924.837707337658
2021-02-06 00:00:00,24505.84,-0.9935275441063469,24198.110325014815
2021-02-06 01:00:00,24110.98,-1.0516652101619615,24274.201572315702
2021-02-06 02:00:00,24001.79,-0.9935275441063469,24387.284314993172
2021-02-06 03:00:00,24187.16,-1.0516652101619615,23894.38417018855
2021-02-06 04:00:00,24331.97,-1.1347190188128395,23947.419858255005
2021-02-06 05:00:00,24713.84,-1.2426889700589812,25037.710626721306
2021-02-06 06:00:00,25425.56,-1.3091320169796836,26371.49510040144
2021-02-06 07:00:00,26686.31,-1.1845513040033666,26639.618586713354
2021-02-06 08:00:00,27720.98,-1.1513297805430152,27272.513097076615
2021-02-06 09:00:00,27896.23,-1.109802876217576,28327.60549909068
2021-02-06 10:00:00,27575.63,-1.1264136379477518,28138.5311694141
2021-02-06 11:00:00,27293.36,-1.109802876217576,27349.669679028822
2021-02-06 12:00:00,26843.83,-1.0599705910270494,27463.89064135483
2021-02-06 13:00:00,26148.36,-1.0433598292968738,25447.97077866605
2021-02-06 14:00:00,25642.9,-1.026749067566698,25810.10985787966
2021-02-06 15:00:00,26053.24,-1.0018329249714346,26038.662578864674
2021-02-06 16:00:00,26632.38,-1.0184436867016105,26821.366038475855
2021-02-06 17:00:00,27977.02,-1.068275971892137,27553.61485143535
2021-02-06 18:00:00,29765.52,-1.1679405422731908,29095.727956741306
2021-02-06 19:00:00,29703.04,-1.2343835891938932,29258.044683108383
2021-02-06 20:00:00,29021.12,-1.334048159574947,29353.107528189896
2021-02-06 21:00:00,28406.59,-1.292521255249508,28693.21567640249
2021-02-06 22:00:00,27848.25,-1.3091320169796836,27633.673547742135
2021-02-06 23:00:00,26917.67,-1.4004912064956496,27021.639443157335
2021-02-07 00:00:00,26379.09,-1.5250719194719669,26609.604190000005
2021-02-07 01:00:00,26213.25,-1.458628872551264,25669.963805136555
2021-02-07 02:00:00,26039.21,-1.4669342534163519,25799.54472284209
2021-02-07 03:00:00,26169.6,-1.4752396342814398,26155.94487639533
2021-02-07 04:00:00,26532.53,-1.3506589213051228,26153.263078811586
2021-02-07 05:00:00,26895.97,-1.3589643021702107,26663.006965808374
2021-02-07 06:00:00,27565.69,-1.3921858256305617,27152.537645759403
2021-02-07 07:00:00,28526.71,-1.334048159574947,28690.299767799497
2021-02-07 08:00:00,29422.87,-1.3257427787098592,29630.310103541804
2021-02-07 09:00:00,29566.54,-1.2426889700589812,29488.785655263855
2021-02-07 10:00:00,29163.69,-1.2011620657335422,29212.241224723402
2021-02-07 11:00:00,28588.13,-1.1181082570826641,29169.868787812342
2021-02-07 12:00:00,28374.97,-1.0516652101619615,28589.206530282238
2021-02-07 13:00:00,28165.94,-1.026749067566698,28529.03554456925
2021-02-07 14:00:00,27602.38,-0.9520006397809079,27792.224435869717
2021-02-07 15:00:00,27488.03,-0.985222163241259,27773.778920030043
2021-02-07 16:00:00,27916.11,-1.0018329249714346,27779.607329392013
2021-02-07 17:00:00,28879.97,-1.076581352757225,29198.450109156893
2021-02-07 18:00:00,30551.11,-1.0931921144874006,30453.288896924838
2021-02-07 19:00:00,30112.92,-1.159635161408103,30119.94814214316
2021-02-07 20:00:00,29216.19,-1.1679405422731908,29681.536057550027
2021-02-07 21:00:00,28599.3,-1.2011620657335422,29078.90848101177
2021-02-07 22:00:00,27832.46,-1.20946744659863,28312.309193565332
2021-02-07 23:00:00,26956.29,-1.3091320169796836,27628.880110283957
2021-02-08 00:00:00,26348.38,-1.3921858256305617,26784.139071130197
2021-02-08 01:00:00,26192.06,-1.516766538606879,26700.47076007011
2021-02-08 02:00:00,26413.49,-1.54998806206723,26609.047582830855
2021-02-08 03:00:00,26944.28,-1.6745687750435472,27225.3342855678
2021-02-08 04:00:00,27463.47,-1.7077902985038982,27890.053500232123
2021-02-08 05:00:00,28266.35,-1.7659279645595132,28575.56834731051
2021-02-08 06:00:00,29781.03,-1.7991494880198642,30081.55254104318
2021-02-08 07:00:00,31994.71,-1.8489817732103913,33104.53080525054
2021-02-08 08:00:00,33157.56,-1.8822032966707423,34818.64458236693
2021-02-08 09:00:00,32151.73,-1.774233345424601,33840.10653732657
2021-02-08 10:00:00,30488.37,-1.641347251583196,31289.463499183672
2021-02-08 11:00:00,29133.17,-1.62473648985302,30113.902333210863
2021-02-08 12:00:00,28257.75,-1.516766538606879,29314.01631860426
2021-02-08 13:00:00,27584.81,-1.458628872551264,28865.577410385442
2021-02-08 14:00:00,27173.51,-1.3755750639003859,27888.74482516349
2021-02-08 15:00:00,26638.12,-1.3174373978447713,27549.74264464951
2021-02-08 16:00:00,27408.57,-1.3174373978447713,28887.85123165182
2021-02-08 17:00:00,29570.04,-1.3838804447654738,30633.133714077405
2021-02-08 18:00:00,32051.51,-1.4669342534163519,33254.565016568835
2021-02-08 19:00:00,32203.33,-1.633041870718108,33456.940952561614
2021-02-08 20:00:00,31901.6,-1.6496526324482839,32664.916010972553
2021-02-08 21:00:00,31224.58,-1.458628872551264,31372.556911508535
2021-02-08 22:00:00,30394.12,-1.4420181108210888,30894.0828181047
2021-02-08 23:00:00,29437.36,-1.4087965873607373,29329.648033491354
2021-02-09 00:00:00,28535.18,-1.4337127299560009,28287.34873290275
2021-02-09 01:00:00,28404.56,-1.4420181108210888,27524.842747956198
2021-02-09 02:00:00,28423.92,-1.4087965873607373,27772.07970877573
2021-02-09 03:00:00,28700.34,-1.4337127299560009,27983.241637963176
2021-02-09 04:00:00,29087.64,-1.4918503960116154,28665.200120431833
2021-02-09 05:00:00,29628.65,-1.4918503960116154,28918.162428775722
2021-02-09 06:00:00,30706.47,-1.516766538606879,30078.640113577745
2021-02-09 07:00:00,32461.36,-1.5665988237974058,32232.939073778296
2021-02-09 08:00:00,33655.05,-1.5250719194719669,33237.908362970324
2021-02-09 09:00:00,33128.38,-1.500155776876703,32458.74548010334
2021-02-09 10:00:00,32032.97,-1.500155776876703,32090.007078316205
2021-02-09 11:00:00,30985.01,-1.4503234916861765,31192.423676123635
2021-02-09 12:00:00,30184.71,-1.417101968225825,30166.948263366525
2021-02-09 13:00:00,29223.92,-1.3672696830352984,29994.712500710797
2021-02-09 14:00:00,28233.15,-1.3174373978447713,29144.815071408055
2021-02-09 15:00:00,27493.47,-1.2842158743844203,28967.282908788922
2021-02-09 16:00:00,28007.09,-1.3091320169796836,28621.048663550486
2021-02-09 17:00:00,29897.28,-1.3506589213051228,30202.742239629955
2021-02-09 18:00:00,32181.91,-1.4503234916861765,32268.085125372727
2021-02-09 19:00:00,32326.17,-1.508461157741791,32400.014171361396
2021-02-09 20:00:00,31902.78,-1.5250719194719669,31757.608440334632
2021-02-09 21:00:00,31229.78,-1.54998806206723,31305.542652351713
2021-02-09 22:00:00,30140.42,-1.5665988237974058,30569.50021757616
2021-02-09 23:00:00,29003.8,-1.591514966392669,29266.31733525858
2021-02-10 00:00:00,28093.4,-1.682874155908635,28659.32757560329
2021-02-10 01:00:00,27673.32,-1.608125728122845,28102.804496259963
2021-02-10 02:00:00,27758.18,-1.541682681202142,27961.41647850885
2021-02-10 03:00:00,27881.57,-1.5665988237974058,28531.74245885859
2021-02-10 04:00:00,28060.62,-1.541682681202142,28734.34089532615
2021-02-10 05:00:00,28564.59,-1.5832095855275812,29518.654891790608
2021-02-10 06:00:00,29900.6,-1.6662633941784593,30914.269531088677
2021-02-10 07:00:00,32124.08,-1.7991494880198642,33536.59645917105
2021-02-10 08:00:00,33411.5,-1.6994849176388107,34323.913224651
2021-02-10 09:00:00,32221.66,-1.541682681202142,33531.195084763836
2021-02-10 10:00:00,30386.66,-1.4752396342814398,31472.00857473738
2021-02-10 11:00:00,29127.43,-1.425407349090913,30394.75765794229
2021-02-10 12:00:00,28201.33,-1.3257427787098592,29574.058811661114
2021-02-10 13:00:00,27543.76,-1.3008266361145957,28758.67826111532
2021-02-10 14:00:00,26820.96,-1.2509943509240689,27720.064629914912
2021-02-10 15:00:00,26604.06,-1.2177728274637176,27495.87461638404
2021-02-10 16:00:00,27127.99,-1.2509943509240689,27728.043079938507
2021-02-10 17:00:00,29030.58,-1.334048159574947,29609.17713785494
2021-02-10 18:00:00,31528.34,-1.4752396342814398,32026.412637396053
2021-02-10 19:00:00,31953.61,-1.5333773003370545,32534.369505458348
2021-02-10 20:00:00,31540.64,-1.4420181108210888,31756.705283216914
2021-02-10 21:00:00,30980.2,-1.4669342534163519,31423.111995162202
2021-02-10 22:00:00,30237.69,-1.4669342534163519,30429.66308874341
2021-02-10 23:00:00,29094.39,-1.4337127299560009,28783.870670278688
2021-02-11 00:00:00,28437.98,-1.516766538606879,27733.952692225528
2021-02-11 01:00:00,28276.26,-1.6164311089879326,27865.717764203648
2021-02-11 02:00:00,28552.01,-1.774233345424601,28458.082417203634
2021-02-11 03:00:00,28832.63,-1.8240656306151277,28769.770410129186
2021-02-11 04:00:00,29145.8,-1.7991494880198642,29094.29742175336
2021-02-11 05:00:00,29667.74,-1.8489817732103913,29725.155164881493
2021-02-11 06:00:00,30856.31,-1.8240656306151277,30605.841467924656
2021-02-11 07:00:00,33056.97,-1.9071194392660058,32781.43996570427
2021-02-11 08:00:00,34220.62,-1.8323710114802154,33806.61275871448
2021-02-11 09:00:00,32822.58,-1.6994849176388107,32973.6076084729
2021-02-11 10:00:00,30825.96,-1.458628872551264,30432.605161593063
2021-02-11 11:00:00,29748.76,-1.3672696830352984,29013.67080492448
2021-02-11 12:00:00,29056.0,-1.3091320169796836,28201.595129185094
2021-02-11 13:00:00,28444.32,-1.3174373978447713,28042.421086837177
2021-02-11 14:00:00,28048.47,-1.2842158743844203,26925.820188871836
2021-02-11 15:00:00,27887.85,-1.2842158743844203,27077.41353878001
2021-02-11 16:00:00,28629.01,-1.3423535404400349,27930.583401981625
2021-02-11 17:00:00,30467.66,-1.425407349090913,30126.1342116647
2021-02-11 18:00:00,33127.89,-1.5749042046624935,32613.582604282423
2021-02-11 19:00:00,33501.54,-1.641347251583196,32615.386810368655
2021-02-11 20:00:00,33264.94,-1.716095679368986,32438.40841270031
2021-02-11 21:00:00,32946.33,-1.8323710114802154,32031.840517045057
2021-02-11 22:00:00,32003.49,-1.9071194392660058,31227.848276822613
2021-02-11 23:00:00,31139.75,-1.9652571053216203,30203.967634770073
2021-02-12 00:00:00,30258.24,-2.0317001522423226,29734.66128143369
2021-02-12 01:00:00,30160.73,-2.0649216757026743,29336.080426956665
2021-02-12 02:00:00,30459.55,-2.1313647226233767,29553.337660849334
2021-02-12 03:00:00,30576.88,-2.172891626948816,29889.483875696795
2021-02-12 04:00:00,31159.38,-2.247640054734606,30736.19331085677
2021-02-12 05:00:00,31718.95,-2.2725561973298696,31591.550789492405
2021-02-12 06:00:00,32747.07,-2.297472339925133,32759.137543397843
2021-02-12 07:00:00,34767.52,-2.297472339925133,34431.74849681437
2021-02-12 08:00:00,35974.38,-2.2642508164647817,35901.57534932823
2021-02-12 09:00:00,35069.59,-2.2144185312742546,35160.585715836176
2021-02-12 10:00:00,33618.64,-2.1645862460837275,34176.643685519186
2021-02-12 11:00:00,33004.82,-2.114753960893201,32907.899402812094
2021-02-12 12:00:00,32056.3,-2.0732270565677617,32478.037398365053
2021-02-12 13:00:00,31332.6,-2.0150893905121476,31485.365170822257
2021-02-12 14:00:00,30853.04,-1.9569517244565324,30838.411677508368
2021-02-12 15:00:00,30826.7,-1.8905086775358302,30059.095455599316
2021-02-12 16:00:00,31076.62,-1.8489817732103913,29192.91075800031
2021-02-12 17:00:00,32225.82,-1.9071194392660058,31099.885839127408
2021-02-12 18:00:00,34396.66,-1.9818678670517964,33608.7859139104
2021-02-12 19:00:00,34648.86,-2.0150893905121476,34161.10986229449
2021-02-12 20:00:00,34251.75,-2.0815324374328497,33937.1959602191
2021-02-12 21:00:00,33601.1,-2.0649216757026743,33399.26371701233
2021-02-12 22:00:00,33052.26,-2.0732270565677617,32309.613392334293
2021-02-12 23:00:00,32068.79,-2.1645862460837275,31964.17466320689
2021-02-13 00:00:00,31310.49,-2.172891626948816,31277.066785381674
2021-02-13 01:00:00,31036.38,-2.181197007813904,31472.8595517957
2021-02-13 02:00:00,31095.38,-2.2144185312742546,32121.927041914332
2021-02-13 03:00:00,31322.28,-2.2144185312742546,32506.003050293577
2021-02-13 04:00:00,31705.14,-2.2559454355996937,32921.43978456235
2021-02-13 05:00:00,32107.04,-2.34730462511566,33465.94210911123
2021-02-13 06:00:00,32778.05,-2.280861578194957,33569.96628684432
2021-02-13 07:00:00,33850.72,-2.430358433766538,34423.43765134994
2021-02-13 08:00:00,34472.45,-2.355610005980748,35013.19110244153
2021-02-13 09:00:00,33766.33,-2.2227239121393425,34253.74809104833
2021-02-13 10:00:00,32937.5,-2.0815324374328497,33322.963553298825
2021-02-13 11:00:00,31923.24,-1.9735624861867085,33000.057365967004
2021-02-13 12:00:00,31252.2,-1.9237302009961814,32020.930138493186
2021-02-13 13:00:00,30709.77,-1.9071194392660058,30884.509054481317
2021-02-13 14:00:00,29888.7,-1.8406763923453033,29897.437985146284
2021-02-13 15:00:00,29576.67,-1.807454868884952,29341.409109669334
2021-02-13 16:00:00,29996.78,-1.774233345424601,30949.86762950629
2021-02-13 17:00:00,31308.7,-1.7659279645595132,31942.914607205246
2021-02-13 18:00:00,33339.58,-1.7659279645595132,33772.97648888837
2021-02-13 19:00:00,33189.71,-1.732706441099162,33648.041399842696
2021-02-13 20:00:00,32538.01,-1.691179536773723,33292.19169542828
2021-02-13 21:00:00,31950.28,-1.6496526324482839,32313.667593474103
2021-02-13 22:00:00,31037.54,-1.6579580133133716,31769.596762247696
2021-02-13 23:00:00,30103.45,-1.6579580133133716,30810.260158382975
2021-02-14 00:00:00,29168.07,-1.691179536773723,30054.453747180774
2021-02-14 01:00:00,28894.05,-1.691179536773723,29437.833594880572
2021-02-14 02:00:00,29100.47,-1.691179536773723,29236.125379045323
2021-02-14 03:00:00,29285.72,-1.682874155908635,29294.037115988467
2021-02-14 04:00:00,29521.44,-1.6662633941784593,29874.57691982287
2021-02-14 05:00:00,29910.08,-1.633041870718108,29799.701903832192
2021-02-14 06:00:00,30476.58,-1.633041870718108,30442.20876123821
2021-02-14 07:00:00,31376.6,-1.633041870718108,31018.250219494344
2021-02-14 08:00:00,31846.09,-1.6164311089879326,31770.80706326865
2021-02-14 09:00:00,32163.06,-1.5832095855275812,31194.614382282904
2021-02-14 10:00:00,31896.07,-1.541682681202142,30919.284146865095
2021-02-14 11:00:00,30695.87,-1.4669342534163519,30329.991209900774
2021-02-14 12:00:00,29549.0,-1.4337127299560009,29856.03601797335
2021-02-14 13:00:00,28508.9,-1.3506589213051228,29457.949771164716
2021-02-14 14:00:00,27613.49,-1.2842158743844203,28760.855932084985
2021-02-14 15:00:00,26940.5,-1.2592997317891568,28313.35801504295
2021-02-14 16:00:00,27092.21,-1.2676051126542447,27050.510091443946
2021-02-14 17:00:00,28605.59,-1.3423535404400349,28873.306151526536
2021-02-14 18:00:00,31244.41,-1.3672696830352984,30859.715923033124
2021-02-14 19:00:00,31560.47,-1.425407349090913,30994.77414476993
2021-02-14 20:00:00,31125.86,-1.4004912064956496,30183.07172247169
2021-02-14 21:00:00,30436.39,-1.4503234916861765,29638.941300866994
2021-02-14 22:00:00,29531.16,-1.4918503960116154,29495.453230869203
2021-02-14 23:00:00,28612.39,-1.508461157741791,28641.45057561043
2021-02-15 00:00:00,27712.98,-1.599820347257757,27941.49453584885
2021-02-15 01:00:00,27441.92,-1.5832095855275812,27686.125302540757
2021-02-15 02:00:00,27429.52,-1.4918503960116154,27419.337835376857
2021-02-15 03:00:00,27708.4,-1.4420181108210888,27440.601959065178
2021-02-15 04:00:00,27928.18,-1.458628872551264,27700.214406644205
2021-02-15 05:00:00,28434.25,-1.5582934429323179,28451.45745325941
2021-02-15 06:00:00,29418.42,-1.500155776876703,29576.92388303534
2021-02-15 07:00:00,31505.41,-1.5582934429323179,31614.181921390074
2021-02-15 08:00:00,32547.97,-1.458628872551264,32700.12144043092
2021-02-15 09:00:00,32323.21,-1.3423535404400349,32018.483096772765
2021-02-15 10:00:00,31502.58,-1.20946744659863,31119.919052189547
2021-02-15 11:00:00,30421.4,-1.1513297805430152,29986.12880494969
2021-02-15 12:00:00,29914.31,-1.1014974953524885,29591.69021961438
2021-02-15 13:00:00,29400.41,-1.0848867336223127,29551.406466179018
2021-02-15 14:00:00,29531.39,-1.1513297805430152,29105.426496514312
2021-02-15 15:00:00,29192.9,-1.1513297805430152,28752.063670973337
2021-02-15 16:00:00,29314.29,-1.1347190188128395,29044.817088565433
2021-02-15 17:00:00,30254.64,-1.1679405422731908,30033.698758794195
2021-02-15 18:00:00,31933.6,-1.1513297805430152,31634.534151509913
2021-02-15 19:00:00,31453.75,-1.1679405422731908,31576.455707926038
2021-02-15 20:00:00,31039.96,-1.1928566848684543,31386.617333305698
2021-02-15 21:00:00,30222.69,-1.1928566848684543,30598.52064784222
2021-02-15 22:00:00,29093.05,-1.20946744659863,29384.797654263046
2021-02-15 23:00:00,27795.34,-1.1845513040033666,27966.283944304072
2021-02-16 00:00:00,26921.17,-1.2011620657335422,26506.240494736314
2021-02-16 01:00:00,26581.0,-1.2509943509240689,26009.791700650643
2021-02-16 02:00:00,26723.83,-1.2592997317891568,25976.061377133326
2021-02-16 03:00:00,26867.96,-1.2842158743844203,26227.96079804154
2021-02-16 04:00:00,27016.62,-1.2676051126542447,26491.62257555797
2021-02-16 05:00:00,27657.2,-1.2509943509240689,27002.306756921516
2021-02-16 06:00:00,28824.32,-1.2509943509240689,28311.9937517776
2021-02-16 07:00:00,30392.58,-1.2343835891938932,30039.945810915448
2021-02-16 08:00:00,31612.36,-1.20946744659863,31169.347861600847
2021-02-16 09:00:00,31313.07,-1.1762459231382787,30804.140555472703
2021-02-16 10:00:00,30731.06,-1.1181082570826641,29890.632848288707
2021-02-16 11:00:00,30241.35,-1.0433598292968738,28708.063566951256
2021-02-16 12:00:00,29815.32,-0.9769167823761714,28124.02594454482
2021-02-16 13:00:00,29487.14,-0.9270844971856443,27725.579991001316
2021-02-16 14:00:00,29069.37,-0.8938629737252932,27284.233755795292
2021-02-16 15:00:00,28902.65,-0.8938629737252932,27121.422549120605
2021-02-16 16:00:00,29135.22,-0.9353898780507323,27591.065230944743
2021-02-16 17:00:00,30146.79,-0.9353898780507323,28885.69330237415
2021-02-16 18:00:00,31273.52,-1.1679405422731908,31382.748920643447
2021-02-16 19:00:00,31587.8,-1.4004912064956496,31654.03178895413
2021-02-16 20:00:00,31472.62,-1.500155776876703,31383.547322207363
2021-02-16 21:00:00,31085.61,-1.516766538606879,30746.270481048497
2021-02-16 22:00:00,30329.08,-1.5582934429323179,29701.57949409066
2021-02-16 23:00:00,29260.7,-1.5832095855275812,28564.483475476853
2021-02-17 00:00:00,28476.34,-1.599820347257757,27531.246352727176
2021-02-17 01:00:00,28195.8,-1.6662633941784593,27244.238869300585
2021-02-17 02:00:00,28258.13,-1.7410118219642496,27476.778356811865
2021-02-17 03:00:00,28576.55,-1.8240656306151277,27921.752942952873
2021-02-17 04:00:00,29022.22,-1.8822032966707423,28172.17392833089
2021-02-17 05:00:00,29810.69,-1.9237302009961814,28989.855930737343
2021-02-17 06:00:00,31230.31,-1.9818678670517964,30600.21541045249
2021-02-17 07:00:00,33202.26,-2.0067840096470593,32824.265261450346
2021-02-17 08:00:00,34084.14,-2.0150893905121476,34157.8357904169
2021-02-17 09:00:00,32737.99,-1.9154248201310935,33833.518904749
2021-02-17 10:00:00,31093.31,-1.8572871540754792,32350.20931807025
2021-02-17 11:00:00,29797.0,-1.7493172028293373,30984.525122444287
2021-02-17 12:00:00,29124.92,-1.6164311089879326,29628.032906072098
2021-02-17 13:00:00,28464.86,-1.516766538606879,28644.207225570895
2021-02-17 14:00:00,27863.75,-1.458628872551264,28119.00118388807
2021-02-17 15:00:00,27426.97,-1.417101968225825,27903.874053596646
2021-02-17 16:00:00,27799.67,-1.4087965873607373,28689.796199998073
2021-02-17 17:00:00,29559.76,-1.4337127299560009,30436.801049024518
2021-02-17 18:00:00,32308.51,-1.541682681202142,32919.44857483528
2021-02-17 19:00:00,32853.92,-1.6164311089879326,33389.400731627095
2021-02-17 20:00:00,32637.91,-1.682874155908635,33226.01782207643
2021-02-17 21:00:00,32167.6,-1.724401060234074,32908.747475966884
2021-02-17 22:00:00,31185.14,-1.7908441071547763,31848.359988273627
2021-02-17 23:00:00,30124.76,-1.7576225836944253,30642.268844322032
2021-02-18 00:00:00,29374.13,-1.599820347257757,29486.748115705486
2021-02-18 01:00:00,29089.97,-1.7576225836944253,30110.26339970198
2021-02-18 02:00:00,29552.08,-1.7493172028293373,30021.614526626865
2021-02-18 03:00:00,29680.52,-1.7410118219642496,29929.996635817886
2021-02-18 04:00:00,30174.35,-1.9237302009961814,30592.485514727032
2021-02-18 05:00:00,30653.45,-1.948646343591445,31026.362295381754
2021-02-18 06:00:00,31922.3,-1.9652571053216203,32034.85466117281
2021-02-18 07:00:00,33861.52,-1.9901732479168839,33804.61845594662
2021-02-18 08:00:00,34480.82,-1.8822032966707423,34333.49899323815
2021-02-18 09:00:00,33006.09,-1.682874155908635,32999.6094632119
2021-02-18 10:00:00,31095.79,-1.4918503960116154,32235.292158048967
2021-02-18 11:00:00,29965.56,-1.3589643021702107,31320.565972817996
2021-02-18 12:00:00,29497.02,-1.2509943509240689,30798.772829050118
2021-02-18 13:00:00,28633.19,-1.159635161408103,30596.30308587542
2021-02-18 14:00:00,27796.65,-1.1181082570826641,29969.224511960114
2021-02-18 15:00:00,28044.68,-1.1181082570826641,29026.388444014887
2021-02-18 16:00:00,28208.2,-1.1264136379477518,29878.001700665907
2021-02-18 17:00:00,29677.03,-1.1513297805430152,30699.429973361635
2021-02-18 18:00:00,31472.37,-1.20946744659863,32340.035932990075
2021-02-18 19:00:00,31717.81,-1.292521255249508,32700.20195332615
2021-02-18 20:00:00,31512.0,-1.3506589213051228,32369.031432096614
2021-02-18 21:00:00,30832.42,-1.3838804447654738,31844.16396978215
2021-02-18 22:00:00,30003.11,-1.3423535404400349,30294.452306960342
2021-02-18 23:00:00,28942.01,-1.3174373978447713,28867.486207065624
2021-02-19 00:00:00,27978.29,-1.334048159574947,28090.98038164813
2021-02-19 01:00:00,27563.95,-1.3672696830352984,27494.81237601212
2021-02-19 02:00:00,27775.96,-1.3506589213051228,27279.008770575663
2021-02-19 03:00:00,27875.86,-1.417101968225825,27571.70433501731
2021-02-19 04:00:00,28170.08,-1.425407349090913,27593.566392926692
2021-02-19 05:00:00,28756.75,-1.5250719194719669,28338.56315961335
2021-02-19 06:00:00,30150.54,-1.5582934429323179,29471.81114687326
2021-02-19 07:00:00,32040.71,-1.5749042046624935,31423.96804991157
2021-02-19 08:00:00,32985.18,-1.5582934429323179,32482.694656476822
2021-02-19 09:00:00,32181.45,-1.425407349090913,31666.14446498981
2021-02-19 10:00:00,30937.54,-1.334048159574947,30559.917875511026
2021-02-19 11:00:00,30184.6,-1.2676051126542447,29787.802565837654
2021-02-19 12:00:00,29413.74,-1.2260782083288055,29379.068255890987
2021-02-19 13:00:00,28962.61,-1.1928566848684543,28554.155691995387
2021-02-19 14:00:00,28339.41,-1.1845513040033666,27791.443456751094
2021-02-19 15:00:00,28390.88,-1.1928566848684543,27685.28370941085
2021-02-19 16:00:00,29130.54,-1.20946744659863,28098.311490725668
2021-02-19 17:00:00,30245.35,-1.2177728274637176,28943.49332238811
2021-02-19 18:00:00,31265.24,-1.20946744659863,30388.313696622594
2021-02-19 19:00:00,31118.39,-1.2011620657335422,30062.43494638203
2021-02-19 20:00:00,30504.76,-1.2177728274637176,29763.02404493525
2021-02-19 21:00:00,29827.9,-1.2177728274637176,29124.590672701317
2021-02-19 22:00:00,28797.86,-1.2343835891938932,28437.269352907606
2021-02-19 23:00:00,27768.36,-1.2676051126542447,27709.47076094186
2021-02-20 00:00:00,26854.05,-1.3921858256305617,27167.02217117809
2021-02-20 01:00:00,26452.64,-1.292521255249508,26257.34100446925
2021-02-20 02:00:00,26297.42,-1.3008266361145957,26425.169764121198
2021-02-20 03:00:00,26474.78,-1.3174373978447713,26839.565045629166
2021-02-20 04:00:00,26757.08,-1.417101968225825,27292.149213445264
2021-02-20 05:00:00,27109.53,-1.4752396342814398,27630.612330746433
2021-02-20 06:00:00,27871.07,-1.3838804447654738,28005.92278392518
2021-02-20 07:00:00,28982.25,-1.5749042046624935,30065.46513245546
2021-02-20 08:00:00,29754.01,-1.5832095855275812,30793.87087985144
2021-02-20 09:00:00,29370.76,-1.417101968225825,30149.244157398058
2021-02-20 10:00:00,28501.81,-1.3672696830352984,28888.55041184101
2021-02-20 11:00:00,27506.35,-1.3423535404400349,28295.943603447642
2021-02-20 12:00:00,26867.4,-1.2426889700589812,27508.02997598003
2021-02-20 13:00:00,26291.6,-1.1762459231382787,27016.103498845372
2021-02-20 14:00:00,25584.12,-1.0516652101619615,25966.77285571468
2021-02-20 15:00:00,25631.09,-1.0018329249714346,25769.598584125466
2021-02-20 16:00:00,26271.63,-0.985222163241259,27189.573878054016
2021-02-20 17:00:00,27648.43,-0.9935275441063469,28245.557205037803
2021-02-20 18:00:00,29263.1,-0.9935275441063469,29371.32458142723
2021-02-20 19:00:00,29575.89,-1.0184436867016105,29397.206993766336
2021-02-20 20:00:00,28666.46,-1.0516652101619615,28917.24696814505
2021-02-20 21:00:00,28035.05,-1.0599705910270494,27940.91288894476
2021-02-20 22:00:00,27279.55,-1.068275971892137,27386.247036641158
2021-02-20 23:00:00,26516.19,-1.0848867336223127,26688.283149613264
2021-02-21 00:00:00,25913.79,-1.1181082570826641,25869.54800668084
2021-02-21 01:00:00,25622.73,-1.1513297805430152,25974.94078435427
2021-02-21 02:00:00,25759.98,-1.1845513040033666,26004.608179899093
2021-02-21 03:00:00,26069.5,-1.2509943509240689,26187.860865055052
2021-02-21 04:00:00,26427.25,-1.4087965873607373,26930.360723997346
2021-02-21 05:00:00,27131.95,-1.508461157741791,27077.899032969795
2021-02-21 06:00:00,28059.39,-1.608125728122845,27904.59525192066
2021-02-21 07:00:00,29201.53,-1.807454868884952,29878.92565540812
2021-02-21 08:00:00,29632.06,-1.6496526324482839,29918.023953278655
2021-02-21 09:00:00,28791.44,-1.3423535404400349,28508.518090974667
2021-02-21 10:00:00,27788.13,-1.2759104935193324,27386.380070217514
2021-02-21 11:00:00,26814.0,-1.2592997317891568,26806.83614292575
2021-02-21 12:00:00,26056.57,-1.1762459231382787,26120.29743245272
2021-02-21 13:00:00,25402.16,-1.1014974953524885,25616.921768982513
2021-02-21 14:00:00,24621.53,-1.0184436867016105,24890.73131029458
2021-02-21 15:00:00,24119.67,-0.9353898780507323,24478.86499193208
2021-02-21 16:00:00,24419.03,-0.9520006397809079,24981.04979344376
2021-02-21 17:00:00,25890.61,-1.0101383058365225,26778.1280445777
2021-02-21 18:00:00,28336.87,-1.1347190188128395,29142.141061765433
2021-02-21 19:00:00,29325.14,-1.159635161408103,29696.604474442203
2021-02-21 20:00:00,29049.18,-1.1347190188128395,29032.661067342557
2021-02-21 21:00:00,28519.0,-1.1762459231382787,28643.180718586013
2021-02-21 22:00:00,27754.67,-1.2676051126542447,28274.599041875717
2021-02-21 23:00:00,26882.35,-1.5333773003370545,28034.81197849523
2021-02-22 00:00:00,26096.81,-1.5749042046624935,27079.621617219418
2021-02-22 01:00:00,26240.36,-1.292521255249508,26178.113769820302
2021-02-22 02:00:00,26183.29,-1.2676051126542447,26234.290326479626
2021-02-22 03:00:00,26408.62,-1.20946744659863,26203.065678034272
2021-02-22 04:00:00,26784.24,-1.2509943509240689,26337.97718839405
2021-02-22 05:00:00,27304.59,-1.2343835891938932,26685.08705912446
2021-02-22 06:00:00,28440.7,-1.1845513040033666,27600.44676438757
2021-02-22 07:00:00,30378.71,-1.1513297805430152,28872.754806785044
2021-02-22 08:00:00,31549.8,-1.0848867336223127,29874.503750421427
2021-02-22 09:00:00,31326.94,-1.0018329249714346,29919.409117176114
2021-02-22 10:00:00,30576.92,-0.8938629737252932,29173.102850564803
2021-02-22 11:00:00,29734.99,-0.8938629737252932,28369.07011196659
2021-02-22 12:00:00,29344.92,-0.8689468311300298,28198.43631894573
2021-02-22 13:00:00,29032.25,-0.9021683545903809,28407.857002454624
2021-02-22 14:00:00,28748.12,-0.9187791163205566,28833.46482066711
2021-02-22 15:00:00,28559.42,-0.8606414502649419,28443.345655188565
2021-02-22 16:00:00,28588.29,-0.810809165074415,27291.163576367922
2021-02-22 17:00:00,29375.02,-0.7775876416140639,28249.938635152528
2021-02-22 18:00:00,30421.44,-0.769282260748976,29506.81028008293
2021-02-22 19:00:00,30049.85,-0.7941984033442395,29639.036641093342
2021-02-22 20:00:00,29344.91,-0.810809165074415,28876.759783446432
2021-02-22 21:00:00,28272.74,-0.8025037842093272,28041.661320460524
2021-02-22 22:00:00,27226.93,-0.7858930224791517,26639.34894555652
2021-02-22 23:00:00,25986.47,-0.7609768798838882,25183.526473529146
2021-02-23 00:00:00,24770.46,-0.727755356423537,23966.12587745503
2021-02-23 01:00:00,24246.15,-0.7111445946933614,23739.82106598295
2021-02-23 02:00:00,24011.54,-0.6696176903679224,23566.26627212092
2021-02-23 03:00:00,24021.33,-0.644701547772659,23713.097123377654
2021-02-23 04:00:00,24055.82,-0.6862284520980979,24096.634092260054
2021-02-23 05:00:00,24304.8,-0.6280907860424834,24444.18843764095
2021-02-23 06:00:00,25326.7,-0.6530069286377467,25663.154045006555
2021-02-23 07:00:00,27093.45,-0.6613123095028346,26991.234303840065
2021-02-23 08:00:00,28157.89,-0.644701547772659,28054.415221477473
2021-02-23 09:00:00,27939.06,-0.5782585008519565,27792.138203733182
2021-02-23 10:00:00,27233.53,-0.5699531199868686,27254.09914379464
2021-02-23 11:00:00,26669.03,-0.5450369773916052,26497.191576354468
2021-02-23 12:00:00,26444.54,-0.5118154539312539,26215.63140917292
2021-02-23 13:00:00,26242.56,-0.5035100730661661,25649.305145111204
2021-02-23 14:00:00,25925.52,-0.4952046922010784,25200.20648820168
2021-02-23 15:00:00,25869.5,-0.47859393047090276,25041.818583597014
2021-02-23 16:00:00,26315.82,-0.553342358256693,25235.36267340061
2021-02-23 17:00:00,27300.26,-0.6031746434472199,26438.16203481622
2021-02-23 18:00:00,28612.43,-0.6363961669075711,27532.63619621971
2021-02-23 19:00:00,28511.91,-0.6280907860424834,27434.77201598486
2021-02-23 20:00:00,27762.85,-0.5865638817170443,26530.151367909555
2021-02-23 21:00:00,26889.7,-0.5699531199868686,25667.75227408711
2021-02-23 22:00:00,25729.96,-0.5616477391217809,24751.01647121665
2021-02-23 23:00:00,24409.7,-0.5367315965265175,23556.40656692476
2021-02-24 00:00:00,23304.83,-0.5284262156614296,22623.543144740914
2021-02-24 01:00:00,22740.67,-0.5284262156614296,22503.555940621332
2021-02-24 02:00:00,22530.68,-0.5118154539312539,22212.936441561338
2021-02-24 03:00:00,22512.44,-0.4702885496058149,22082.128818989837
2021-02-24 04:00:00,22497.73,-0.4702885496058149,21952.618983566135
2021-02-24 05:00:00,22883.27,-0.553342358256693,22680.13567438051
2021-02-24 06:00:00,23888.15,-0.6197854051773956,24092.15173971153
2021-02-24 07:00:00,25932.97,-0.6031746434472199,26120.051281319957
2021-02-24 08:00:00,26952.95,-0.6197854051773956,27600.938712816074
2021-02-24 09:00:00,26203.44,-0.5450369773916052,27248.590300867705
2021-02-24 10:00:00,25094.47,-0.5035100730661661,26514.88594372926
2021-02-24 11:00:00,24132.34,-0.5035100730661661,25573.21025132943
2021-02-24 12:00:00,23763.62,-0.46198316874072715,25370.897260393533
2021-02-24 13:00:00,23877.29,-0.42876164528037586,24772.097362183733
2021-02-24 14:00:00,23861.87,-0.4204562644152881,24416.181462785305
2021-02-24 15:00:00,23977.51,-0.46198316874072715,24515.01278927123
2021-02-24 16:00:00,24724.57,-0.5284262156614296,24872.330208315405
2021-02-24 17:00:00,26163.0,-0.594869262582132,25855.571688860022
2021-02-24 18:00:00,27599.8,-0.6363961669075711,27177.37076152221
2021-02-24 19:00:00,27738.9,-0.6197854051773956,27112.58223006367
2021-02-24 20:00:00,27133.61,-0.6363961669075711,26954.96764775474
2021-02-24 21:00:00,26424.29,-0.644701547772659,26455.050238879445
2021-02-24 22:00:00,25344.73,-0.644701547772659,25240.9122808205
2021-02-24 23:00:00,24143.39,-0.644701547772659,24405.35899949426
2021-02-25 00:00:00,23154.99,-0.6530069286377467,23325.51900414171
2021-02-25 01:00:00,22714.89,-0.6945338329631858,23016.19885468488
2021-02-25 02:00:00,22759.4,-0.8025037842093272,23418.553311273743
2021-02-25 03:00:00,23095.48,-0.8357253076696786,23507.333943334364
2021-02-25 04:00:00,23363.32,-0.8772522119951176,23374.869133887838
2021-02-25 05:00:00,24028.65,-0.9686114015110834,24129.439429046335
2021-02-25 06:00:00,25349.89,-1.035054448431786,25492.630987340377
2021-02-25 07:00:00,27514.84,-1.068275971892137,27603.915523899617
2021-02-25 08:00:00,28696.43,-1.076581352757225,28694.01702790985
2021-02-25 09:00:00,27971.51,-1.0184436867016105,28035.23998265358
2021-02-25 10:00:00,26537.63,-0.985222163241259,26872.055745002464
2021-02-25 11:00:00,25815.38,-1.0516652101619615,26261.13305535627
2021-02-25 12:00:00,25272.74,-1.076581352757225,26057.49591318944
2021-02-25 13:00:00,24833.4,-1.1181082570826641,26296.966574856073
2021-02-25 14:00:00,24644.19,-1.1264136379477518,26118.395567116735
2021-02-25 15:00:00,24431.55,-1.109802876217576,26117.043158761204
2021-02-25 16:00:00,24919.79,-1.109802876217576,27275.553982435526
2021-02-25 17:00:00,26426.26,-1.1513297805430152,28770.05772792484
2021-02-25 18:00:00,28958.42,-1.2426889700589812,30652.6406316543
2021-02-25 19:00:00,30135.58,-1.3008266361145957,30527.593676992896
2021-02-25 20:00:00,30039.44,-1.3423535404400349,30077.76395501504
2021-02-25 21:00:00,29576.4,-1.334048159574947,29345.607779082988
2021-02-25 22:00:00,28709.32,-1.334048159574947,28672.441664741895
2021-02-25 23:00:00,27688.59,-1.3091320169796836,27261.755306046187
2021-02-26 00:00:00,26812.78,-1.3174373978447713,26430.88768680293
2021-02-26 01:00:00,26566.66,-1.3506589213051228,26334.010224084584
2021-02-26 02:00:00,26689.47,-1.4752396342814398,26941.21194907611
2021-02-26 03:00:00,26988.72,-1.5333773003370545,27691.21285717735
2021-02-26 04:00:00,27491.5,-1.599820347257757,28326.637710183557
2021-02-26 05:00:00,28374.74,-1.7576225836944253,29359.231157649057
2021-02-26 06:00:00,29784.74,-1.724401060234074,30253.912275869458
2021-02-26 07:00:00,31820.29,-1.8406763923453033,32609.725748898218
2021-02-26 08:00:00,32450.85,-1.591514966392669,32873.9563904713
2021-02-26 09:00:00,31003.92,-1.3838804447654738,31761.728255934973
2021-02-26 10:00:00,29277.32,-1.2592997317891568,29497.89668178966
2021-02-26 11:00:00,27984.54,-1.1679405422731908,28199.435814019973
2021-02-26 12:00:00,26971.51,-1.068275971892137,27080.83375828465
2021-02-26 13:00:00,26361.15,-1.035054448431786,26583.405522813784
2021-02-26 14:00:00,25449.0,-0.9769167823761714,25567.733733609228
2021-02-26 15:00:00,25009.03,-0.94369525891582,25148.80278886918
2021-02-26 16:00:00,25312.95,-0.9187791163205566,27153.09556122853
2021-02-26 17:00:00,26550.85,-0.9104737354554688,28419.609608966628
2021-02-26 18:00:00,28540.84,-0.9603060206459957,30292.897851601738
2021-02-26 19:00:00,29417.52,-1.0018329249714346,30298.650586651605
2021-02-26 20:00:00,29142.22,-1.026749067566698,30291.52550406359
2021-02-26 21:00:00,28634.43,-1.068275971892137,29487.648882853253
2021-02-26 22:00:00,27722.52,-1.1181082570826641,28436.38069649413
2021-02-26 23:00:00,26768.94,-1.0433598292968738,26536.17475337366
2021-02-27 00:00:00,26234.79,-1.1679405422731908,26006.603349321136
2021-02-27 01:00:00,25866.05,-1.1513297805430152,25750.147252625193
2021-02-27 02:00:00,25963.14,-1.3423535404400349,25984.320944765404
2021-02-27 03:00:00,26107.5,-1.2177728274637176,25704.537300264303
2021-02-27 04:00:00,26245.22,-1.0848867336223127,25323.350899195568
2021-02-27 05:00:00,26599.78,-1.026749067566698,24717.501090240345
2021-02-27 06:00:00,27293.75,-0.985222163241259,25414.322058401314
2021-02-27 07:00:00,27727.69,-1.3755750639003859,28050.314920350895
2021-02-27 08:00:00,27908.21,-1.2011620657335422,28108.03109735319
2021-02-27 09:00:00,28753.56,-1.2426889700589812,28351.405876296547
2021-02-27 10:00:00,28455.43,-0.6613123095028346,26684.001729647764
2021-02-27 11:00:00,28325.4,-0.6779230712330101,26394.274935075176
2021-02-27 12:00:00,28533.1,-0.6530069286377467,26434.851363455567
2021-02-27 13:00:00,28542.21,-0.6363961669075711,26302.74262002402
2021-02-27 14:00:00,28146.33,-0.5782585008519565,25264.690360061606
2021-02-27 15:00:00,27469.87,-0.5284262156614296,25200.85792987238
2021-02-27 16:00:00,27299.82,-0.5035100730661661,24625.289454587884
2021-02-27 17:00:00,27665.91,-0.4204562644152881,25753.850425079774
2021-02-27 18:00:00,28176.83,-0.4370670261454637,26952.55484208085
2021-02-27 19:00:00,28214.29,-0.4952046922010784,27222.880421016587
2021-02-27 20:00:00,27434.63,-0.5782585008519565,26558.702779775092
2021-02-27 21:00:00,26659.62,-0.6363961669075711,26021.37168797877
2021-02-27 22:00:00,25612.06,-0.6280907860424834,25812.407966459967
2021-02-27 23:00:00,24679.78,-0.6197854051773956,24811.842610818527
2021-02-28 00:00:00,23577.6,-0.5782585008519565,24290.96311975944
2021-02-28 01:00:00,23255.95,-0.6031746434472199,22485.163143052927
2021-02-28 02:00:00,23047.51,-0.6613123095028346,22423.420781169953
2021-02-28 03:00:00,22952.77,-0.6696176903679224,22673.20414205409
2021-02-28 04:00:00,23023.25,-0.819114545939503,23126.650924767782
2021-02-28 05:00:00,23466.01,-0.769282260748976,23080.903611266098
2021-02-28 06:00:00,24113.86,-0.985222163241259,24252.07816440192
2021-02-28 07:00:00,24932.55,-1.0931921144874006,25393.852873947308
2021-02-28 08:00:00,25339.31,-0.8855575928602053,25340.530237923336
2021-02-28 09:00:00,25018.82,-0.727755356423537,24728.926429608735
2021-02-28 10:00:00,24342.47,-0.5616477391217809,25041.296603499683
2021-02-28 11:00:00,23497.06,-0.47859393047090276,25056.950258108343
2021-02-28 12:00:00,23079.8,-0.3872347409549368,24872.874713557176
2021-02-28 13:00:00,22506.47,-0.3124863131691466,23262.559817852216
2021-02-28 14:00:00,21851.36,-0.2875701705738832,22964.743453018604
2021-02-28 15:00:00,21454.61,-0.295875551438971,22656.342441002533
2021-02-28 16:00:00,21736.6,-0.30418093230405874,23210.346646175727
2021-02-28 17:00:00,22761.58,-0.3290970748993222,24140.42344934934
2021-02-28 18:00:00,24848.59,-0.35401321749458564,25523.235938446505
2021-02-28 19:00:00,25492.34,-0.4370670261454637,26902.123110928904
2021-02-28 20:00:00,25078.34,-0.4702885496058149,26203.423302759456
2021-02-28 21:00:00,24320.9,-0.3955401218200247,25755.84357147241
2021-02-28 22:00:00,23505.92,-0.36231859835967345,24367.980261759963
2021-02-28 23:00:00,22589.03,-0.3457078366294978,23206.458740435333
2021-03-01 00:00:00,21895.66,-0.3290970748993222,21860.325593901005
2021-03-01 01:00:00,21529.65,-0.3457078366294978,21933.533926311673
2021-03-01 02:00:00,21476.5,-0.3955401218200247,21491.277348826985
2021-03-01 03:00:00,21641.71,-0.4204562644152881,21413.387295638553
2021-03-01 04:00:00,21895.5,-0.4370670261454637,21159.383698802132
2021-03-01 05:00:00,22470.53,-0.47859393047090276,21695.902539028102
2021-03-01 06:00:00,23453.44,-0.48689931133599057,22766.46747988256
2021-03-01 07:00:00,24864.54,-0.45367778787563934,23956.664738555104
2021-03-01 08:00:00,26047.08,-0.35401321749458564,24877.066649494376
2021-03-01 09:00:00,26334.36,-0.36231859835967345,25027.27922000991
2021-03-01 10:00:00,26009.25,-0.295875551438971,24754.110064975826
2021-03-01 11:00:00,25503.67,-0.32079169403423435,24448.744929508634
2021-03-01 12:00:00,25130.84,-0.27095940884370756,24010.68531643023
2021-03-01 13:00:00,24923.49,-0.4370670261454637,24227.8837903641
2021-03-01 14:00:00,24534.74,-0.4702885496058149,23959.636872896426
2021-03-01 15:00:00,24255.01,-0.6197854051773956,24200.323516621935
2021-03-01 16:00:00,25164.91,-0.8357253076696786,24631.606987303152
2021-03-01 17:00:00,26577.61,-0.9769167823761714,26064.653397124468
2021-03-01 18:00:00,28667.48,-1.159635161408103,28518.08793203411
2021-03-01 19:00:00,29700.37,-1.2842158743844203,29496.435907687624
2021-03-01 20:00:00,29692.28,-1.3755750639003859,29207.217020095133
2021-03-01 21:00:00,29472.63,-1.500155776876703,29076.599686753598
2021-03-01 22:00:00,28897.43,-1.62473648985302,28557.87089699718
2021-03-01 23:00:00,28740.89,-1.774233345424601,28162.904505932478
2021-03-02 00:00:00,28499.45,-1.8489817732103913,27150.316060197652
2021-03-02 01:00:00,28560.99,-1.9320355818612693,26517.47436464715
2021-03-02 02:00:00,29032.3,-2.0067840096470593,26827.14621249976
2021-03-02 03:00:00,29359.15,-2.0732270565677617,27422.441905142194
2021-03-02 04:00:00,30204.6,-2.1064485800281134,28120.381179786076
2021-03-02 05:00:00,30916.2,-2.1479754843535526,29493.7174538862
2021-03-02 06:00:00,32227.23,-2.1479754843535526,30924.501762578526
2021-03-02 07:00:00,34136.97,-2.1479754843535526,33218.02879229016
2021-03-02 08:00:00,34837.58,-2.0981431991630255,34907.536097223456
2021-03-02 09:00:00,34123.68,-2.0483109139724984,34532.54934124662
2021-03-02 10:00:00,33017.99,-1.9735624861867085,31904.355490039212
2021-03-02 11:00:00,32243.72,-1.8988140584009183,30324.715358107882
2021-03-02 12:00:00,31774.04,-1.7908441071547763,29714.338573359328
2021-03-02 13:00:00,31217.48,-1.6579580133133716,28955.97252777518
2021-03-02 14:00:00,30396.64,-1.5582934429323179,28495.445971343543
2021-03-02 15:00:00,29805.71,-1.5250719194719669,28411.647926318034
2021-03-02 16:00:00,29209.37,-1.4835450151465277,28737.15263308969
2021-03-02 17:00:00,30485.59,-1.4420181108210888,30475.06685176036
2021-03-02 18:00:00,32663.62,-1.458628872551264,32958.21685234127
2021-03-02 19:00:00,33495.58,-1.4420181108210888,33728.50656813662
2021-03-02 20:00:00,32830.2,-1.4337127299560009,33441.78978474451
2021-03-02 21:00:00,31662.45,-1.4087965873607373,32288.738306808365
2021-03-02 22:00:00,31026.43,-1.3672696830352984,30794.05774830803
2021-03-02 23:00:00,29868.23,-1.3755750639003859,29876.87800204565
2021-03-03 00:00:00,28913.44,-1.3589643021702107,29434.310592901984
2021-03-03 01:00:00,28476.74,-1.3091320169796836,29344.069139036725
2021-03-03 02:00:00,28152.95,-1.3257427787098592,29293.298001407096
2021-03-03 03:00:00,28215.4,-1.292521255249508,29312.202951483592
2021-03-03 04:00:00,28327.66,-1.2676051126542447,29658.08155268289
2021-03-03 05:00:00,28707.12,-1.2177728274637176,29649.45801399603
2021-03-03 06:00:00,29662.48,-1.2343835891938932,30586.621413281573
2021-03-03 07:00:00,30926.07,-1.2177728274637176,31699.828054185204
2021-03-03 08:00:00,31355.08,-1.2343835891938932,32947.29209777839
2021-03-03 09:00:00,30572.31,-1.1679405422731908,32070.165727072203
2021-03-03 10:00:00,28812.93,-0.985222163241259,30202.780518516483
2021-03-03 11:00:00,27417.63,-0.8689468311300298,28380.585561484368
2021-03-03 12:00:00,26628.67,-0.7858930224791517,27385.125592603752
2021-03-03 13:00:00,25974.9,-0.7858930224791517,27039.1555348749
2021-03-03 14:00:00,25468.26,-0.7194499755584491,26233.470788455936
2021-03-03 15:00:00,25223.37,-0.6862284520980979,25769.190069599215
2021-03-03 16:00:00,25351.77,-0.644701547772659,25600.66626033359
2021-03-03 17:00:00,26292.59,-0.6862284520980979,26659.767989857384
2021-03-03 18:00:00,27942.78,-0.7609768798838882,28703.19095418693
2021-03-03 19:00:00,29009.59,-0.7526714990188005,29425.59922069535
2021-03-03 20:00:00,28691.28,-0.8025037842093272,28829.94122539913
2021-03-03 21:00:00,27997.48,-0.8025037842093272,27824.928511650247
2021-03-03 22:00:00,27170.97,-0.819114545939503,26848.231289907042
2021-03-03 23:00:00,26168.1,-0.8440306885347663,26172.10264933086
2021-03-04 00:00:00,25466.49,-0.8772522119951176,25494.334546555263
2021-03-04 01:00:00,25179.6,-0.9187791163205566,25194.851866865152
2021-03-04 02:00:00,25354.02,-0.9935275441063469,24890.425498182627
2021-03-04 03:00:00,25544.95,-1.109802876217576,25632.57546084357
2021-03-04 04:00:00,25923.66,-1.1513297805430152,26193.013979311847
2021-03-04 05:00:00,26608.12,-1.1845513040033666,26493.06718542628
2021-03-04 06:00:00,27844.07,-1.2676051126542447,27512.986628486873
2021-03-04 07:00:00,29674.39,-1.3755750639003859,29090.6152271672
2021-03-04 08:00:00,30459.75,-1.417101968225825,29945.84343307393
2021-03-04 09:00:00,29823.8,-1.4337127299560009,29665.55240370197
2021-03-04 10:00:00,28846.77,-1.4004912064956496,28351.605694375296
2021-03-04 11:00:00,28240.08,-1.3506589213051228,27340.5186197983
2021-03-04 12:00:00,27959.77,-1.2260782083288055,26435.861567902088
2021-03-04 13:00:00,27773.67,-1.2676051126542447,26376.825469222476
2021-03-04 14:00:00,27370.28,-1.2343835891938932,25940.27190258177
2021-03-04 15:00:00,27422.83,-1.20946744659863,25707.553153652916
2021-03-04 16:00:00,28177.17,-1.2177728274637176,27061.967343405937
2021-03-04 17:00:00,29710.66,-1.2676051126542447,28160.04409591984
2021-03-04 18:00:00,31534.8,-1.2842158743844203,29898.867631679303
2021-03-04 19:00:00,32175.81,-1.3174373978447713,30906.3995964389
2021-03-04 20:00:00,31531.16,-1.3506589213051228,30555.9669075147
2021-03-04 21:00:00,30987.88,-1.3672696830352984,29944.377772845077
2021-03-04 22:00:00,30122.06,-1.3838804447654738,29476.385505767896
2021-03-04 23:00:00,29136.02,-1.3921858256305617,28776.7805638299
2021-03-05 00:00:00,28205.3,-1.4087965873607373,28068.042964482258
2021-03-05 01:00:00,27986.76,-1.4503234916861765,28136.661185041045
2021-03-05 02:00:00,27915.49,-1.4918503960116154,28254.41363301158
2021-03-05 03:00:00,28218.83,-1.508461157741791,28153.824724650804
2021-03-05 04:00:00,28590.27,-1.5333773003370545,28882.94875909847
2021-03-05 05:00:00,29310.71,-1.5749042046624935,29725.58072508046
2021-03-05 06:00:00,30462.61,-1.62473648985302,30797.822710896267
2021-03-05 07:00:00,31996.26,-1.6579580133133716,32269.366852989468
2021-03-05 08:00:00,32850.35,-1.691179536773723,33309.61291503738
2021-03-05 09:00:00,32465.29,-1.6745687750435472,32602.86599499518
2021-03-05 10:00:00,31593.53,-1.6496526324482839,32324.852547840437
2021-03-05 11:00:00,30489.23,-1.608125728122845,31256.6774444324
2021-03-05 12:00:00,29891.33,-1.500155776876703,30384.665266743617
2021-03-05 13:00:00,29338.76,-1.425407349090913,29394.077969078844
2021-03-05 14:00:00,28753.82,-1.3755750639003859,28690.70242908599
2021-03-05 15:00:00,28948.77,-1.3257427787098592,28462.469413854884
2021-03-05 16:00:00,29380.73,-1.3257427787098592,28435.526759463686
2021-03-05 17:00:00,30410.81,-1.3423535404400349,29436.235081557366
2021-03-05 18:00:00,32119.54,-1.425407349090913,31154.777338531087
2021-03-05 19:00:00,32535.43,-1.4503234916861765,31524.77968521154
2021-03-05 20:00:00,32074.67,-1.4669342534163519,31057.97243576109
2021-03-05 21:00:00,31335.49,-1.5250719194719669,30636.173329169338
2021-03-05 22:00:00,30545.75,-1.516766538606879,29800.95419691835
2021-03-05 23:00:00,29158.5,-1.516766538606879,29021.037952913997
2021-03-06 00:00:00,28420.21,-1.5665988237974058,28405.809275900614
2021-03-06 01:00:00,28086.66,-1.54998806206723,28203.907473359257
2021-03-06 02:00:00,28083.94,-1.591514966392669,28167.65066929632
2021-03-06 03:00:00,28256.2,-1.641347251583196,28873.879301521607
2021-03-06 04:00:00,28537.82,-1.5832095855275812,28780.710326565026
2021-03-06 05:00:00,28931.22,-1.5582934429323179,28998.92266186632
2021-03-06 06:00:00,29470.64,-1.5250719194719669,29447.565013505115
2021-03-06 07:00:00,30168.26,-1.5250719194719669,29847.02124778615
2021-03-06 08:00:00,30850.72,-1.4752396342814398,30004.53939720825
2021-03-06 09:00:00,30727.63,-1.4087965873607373,30341.556697445205
2021-03-06 10:00:00,30134.08,-1.3506589213051228,30482.682060163243
2021-03-06 11:00:00,29447.17,-1.3506589213051228,29976.828787356993
2021-03-06 12:00:00,28753.38,-1.2842158743844203,29793.3697280864
2021-03-06 13:00:00,27858.83,-1.2011620657335422,29294.23864719252
2021-03-06 14:00:00,27255.0,-1.1513297805430152,28412.282448407568
2021-03-06 15:00:00,26967.77,-1.159635161408103,28216.05055575296
2021-03-06 16:00:00,27416.14,-1.159635161408103,28369.423754700776
2021-03-06 17:00:00,28709.33,-1.1845513040033666,29437.91321964166
2021-03-06 18:00:00,30134.87,-1.2509943509240689,31380.571111960155
2021-03-06 19:00:00,30834.09,-1.3174373978447713,31125.08166372717
2021-03-06 20:00:00,30235.25,-1.3589643021702107,30572.305430030523
2021-03-06 21:00:00,29864.66,-1.4004912064956496,29803.785257321186
2021-03-06 22:00:00,29067.85,-1.5250719194719669,29300.032808791457
2021-03-06 23:00:00,28149.83,-1.5333773003370545,28113.47459672713
2021-03-07 00:00:00,27484.78,-1.458628872551264,27063.376641906736
2021-03-07 01:00:00,27157.98,-1.4337127299560009,27096.482500497495
2021-03-07 02:00:00,27092.41,-1.417101968225825,26979.22648973578
2021-03-07 03:00:00,27177.03,-1.425407349090913,27045.332692175565
2021-03-07 04:00:00,27509.45,-1.4087965873607373,27239.7575797848
2021-03-07 05:00:00,27878.76,-1.4004912064956496,27798.50580504038
2021-03-07 06:00:00,28632.68,-1.4004912064956496,28290.45779137446
2021-03-07 07:00:00,29473.63,-1.4004912064956496,28977.09567988527
2021-03-07 08:00:00,29653.23,-1.3672696830352984,29838.326807194786
2021-03-07 09:00:00,28983.77,-1.3091320169796836,29648.984771208514
2021-03-07 10:00:00,28217.62,-1.2676051126542447,28411.48715036442
2021-03-07 11:00:00,27516.74,-1.2343835891938932,27867.42211241673
2021-03-07 12:00:00,27024.69,-1.159635161408103,27297.489993716525
2021-03-07 13:00:00,26283.81,-1.159635161408103,27249.201462587684
2021-03-07 14:00:00,25412.29,-1.1181082570826641,26421.211157919486
2021-03-07 15:00:00,24997.02,-1.0848867336223127,25661.52998339421
2021-03-07 16:00:00,25130.8,-1.0848867336223127,25912.677655261465
2021-03-07 17:00:00,26235.07,-1.1014974953524885,27208.60868176185
2021-03-07 18:00:00,28412.9,-1.1762459231382787,29222.134203956364
2021-03-07 19:00:00,29772.43,-1.2177728274637176,30260.012996616733
2021-03-07 20:00:00,29681.91,-1.2759104935193324,29938.628845587908
2021-03-07 21:00:00,29140.82,-1.3506589213051228,29447.06092033273
2021-03-07 22:00:00,28212.24,-1.4087965873607373,28621.137707154154
2021-03-07 23:00:00,27442.17,-1.4087965873607373,27529.258503225265
2021-03-08 00:00:00,26848.25,-1.458628872551264,27153.17583875857
2021-03-08 01:00:00,26727.64,-1.516766538606879,27294.90315912276
2021-03-08 02:00:00,26979.58,-1.5832095855275812,27628.171222718036
2021-03-08 03:00:00,27485.41,-1.682874155908635,28195.819251513574
2021-03-08 04:00:00,28073.84,-1.724401060234074,28681.012161779632
2021-03-08 05:00:00,28848.86,-1.7908441071547763,29680.120750329406
2021-03-08 06:00:00,30285.61,-1.807454868884952,30834.914740308308
2021-03-08 07:00:00,32195.75,-1.8323710114802154,32591.996523182774
2021-03-08 08:00:00,32221.21,-1.641347251583196,32751.37943075932
2021-03-08 09:00:00,30590.38,-1.500155776876703,31396.560376567413
2021-03-08 10:00:00,29418.84,-1.3506589213051228,29782.31336345556
2021-03-08 11:00:00,28195.2,-1.2343835891938932,28717.182875023325
2021-03-08 12:00:00,27432.16,-1.1264136379477518,28175.624913587282
2021-03-08 13:00:00,26552.89,-1.0101383058365225,28531.940460987353
2021-03-08 14:00:00,26022.17,-0.9603060206459957,27969.269147356736
2021-03-08 15:00:00,25570.43,-0.9187791163205566,27621.562142295137
2021-03-08 16:00:00,25995.63,-0.9104737354554688,27624.506872470218
2021-03-08 17:00:00,27700.09,-0.9270844971856443,28793.56573139528
2021-03-08 18:00:00,29457.18,-0.9520006397809079,30612.70875796031
2021-03-08 19:00:00,29994.41,-0.985222163241259,31691.346264935517
2021-03-08 20:00:00,29564.89,-0.9686114015110834,31469.11791213223
2021-03-08 21:00:00,28690.77,-0.9603060206459957,30655.83833673194
2021-03-08 22:00:00,27530.75,-0.9021683545903809,29167.111016384988
2021-03-08 23:00:00,26186.68,-0.9021683545903809,27701.774618410374
2021-03-09 00:00:00,25276.04,-0.9104737354554688,26599.882636881575
2021-03-09 01:00:00,24805.8,-0.8855575928602053,25819.225465980606
2021-03-09 02:00:00,24705.2,-0.9021683545903809,25342.996143566685
2021-03-09 03:00:00,24633.87,-0.9270844971856443,25565.79042783179
2021-03-09 04:00:00,24862.53,-0.9520006397809079,25786.83412083272
2021-03-09 05:00:00,25365.98,-0.985222163241259,26377.44977236459
2021-03-09 06:00:00,26431.0,-1.0018329249714346,27657.67582801501
2021-03-09 07:00:00,28451.93,-1.068275971892137,29127.47755774049
2021-03-09 08:00:00,29410.12,-0.9520006397809079,29570.47163499428
2021-03-09 09:00:00,28685.43,-0.7858930224791517,28110.592702046157
2021-03-09 10:00:00,27422.76,-0.6613123095028346,27222.679447951195
2021-03-09 11:00:00,26291.28,-0.5201208347963419,26181.247177567187
2021-03-09 12:00:00,25542.21,-0.3872347409549368,25644.43130344484
2021-03-09 13:00:00,25124.54,-0.37062397922476126,25849.891446563644
2021-03-09 14:00:00,25153.75,-0.36231859835967345,25608.277193060672
2021-03-09 15:00:00,24898.93,-0.33740245576441,25318.352798013864
2021-03-09 16:00:00,24867.6,-0.27095940884370756,24753.78435054387
2021-03-09 17:00:00,25443.22,-0.27095940884370756,25593.146357055393
2021-03-09 18:00:00,26724.56,-0.35401321749458564,26854.38204748608
2021-03-09 19:00:00,27563.28,-0.553342358256693,27065.050611616298
2021-03-09 20:00:00,27161.73,-0.6613123095028346,27146.740018089502
2021-03-09 21:00:00,26393.73,-0.6779230712330101,26196.9998509542
2021-03-09 22:00:00,25569.83,-0.7941984033442395,25680.60575006548
2021-03-09 23:00:00,24578.09,-0.7858930224791517,24441.375518319368
2021-03-10 00:00:00,23923.6,-0.810809165074415,23493.545743599592
2021-03-10 01:00:00,23606.9,-0.8357253076696786,23437.617754845385
2021-03-10 02:00:00,23545.38,-0.8772522119951176,23085.47027905869
2021-03-10 03:00:00,23856.64,-0.9353898780507323,23092.126465265643
2021-03-10 04:00:00,24095.61,-0.9270844971856443,23123.425266978065
2021-03-10 05:00:00,24875.94,-0.9187791163205566,23606.0303442653
2021-03-10 06:00:00,26131.88,-0.9935275441063469,24932.38638680706
2021-03-10 07:00:00,28069.78,-0.9104737354554688,25931.713336100365
2021-03-10 08:00:00,28202.5,-0.7360607372886249,26342.414520870956
2021-03-10 09:00:00,26798.19,-0.5865638817170443,25626.030785257015
2021-03-10 10:00:00,25336.03,-0.4121508835502003,25298.097241117648
2021-03-10 11:00:00,24329.58,-0.32079169403423435,24832.213879323725
2021-03-10 12:00:00,23642.39,-0.22943250451826852,24622.606903857188
2021-03-10 13:00:00,22930.78,-0.1297679341372148,24232.51852658973
2021-03-10 14:00:00,22213.46,-0.055019506351424496,24200.40382182319
2021-03-10 15:00:00,21356.36,0.02803430229945359,23653.236279340024
2021-03-10 16:00:00,21658.35,0.02803430229945359,23553.521089999536
2021-03-10 17:00:00,22526.81,-0.038408744621248936,24310.815379160256
2021-03-10 18:00:00,24002.27,-0.046714125486336716,25546.16056579453
2021-03-10 19:00:00,24839.82,-0.14637869586739044,26220.30115788779
2021-03-10 20:00:00,24576.61,-0.15468407673247822,25517.321915975823
2021-03-10 21:00:00,24074.34,-0.17129483846265384,24906.99647875961
2021-03-10 22:00:00,23075.48,-0.15468407673247822,23592.029862302534
2021-03-10 23:00:00,21938.94,-0.15468407673247822,22374.405273558576
2021-03-11 00:00:00,21069.24,-0.18790560019282948,21622.010889996185
2021-03-11 01:00:00,20473.77,-0.19621098105791726,21049.69844858574
2021-03-11 02:00:00,20326.91,-0.2377378853833563,20861.046849874834
2021-03-11 03:00:00,20220.75,-0.24604326624844414,20651.70849147834
2021-03-11 04:00:00,20412.86,-0.25434864711353194,20210.043445270338
2021-03-11 05:00:00,20690.83,-0.30418093230405874,20704.022557266282
2021-03-11 06:00:00,21678.36,-0.2792647897087953,20965.059832684947
2021-03-11 07:00:00,23402.23,-0.27095940884370756,23822.200979246525
2021-03-11 08:00:00,24301.27,-0.22112712365318066,24388.20078148679
2021-03-11 09:00:00,24469.67,-0.18790560019282948,23960.4326480552
2021-03-11 10:00:00,23950.75,-0.15468407673247822,23020.140273586432
2021-03-11 11:00:00,23555.63,-0.038408744621248936,22357.89078344108
2021-03-11 12:00:00,23416.71,-0.013492602025985451,22513.16482897163
2021-03-11 13:00:00,23196.03,0.02803430229945359,21488.446002531655
2021-03-11 14:00:00,22236.85,0.185836538736122,21038.712441089916
2021-03-11 15:00:00,21500.62,0.21905806219647309,20530.15030063429
2021-03-11 16:00:00,21365.61,0.2938064899822634,20329.231830953595
2021-03-11 17:00:00,22240.52,0.16092039614085848,21062.706360525743
2021-03-11 18:00:00,23519.78,0.136004253545595,22273.30982886698
2021-03-11 19:00:00,24009.08,0.14430963441068295,22540.07891766702
2021-03-11 20:00:00,23542.28,0.28550110911717563,21555.464484403787
2021-03-11 21:00:00,22747.63,0.02803430229945359,21659.23508137778
2021-03-11 22:00:00,21790.22,0.16922577700594627,20451.70483761426
2021-03-11 23:00:00,20716.76,0.03633968316454137,20265.24092048247
2021-03-12 00:00:00,19852.44,0.03633968316454137,19574.84256675943
2021-03-12 01:00:00,19308.56,-0.10485179154195139,19860.18514090873
2021-03-12 02:00:00,19321.81,-0.2045163619230051,19720.710126645532
2021-03-12 03:00:00,19563.95,-0.2377378853833563,19797.642312100365
2021-03-12 04:00:00,19851.45,-0.3290970748993222,20155.080185062696
2021-03-12 05:00:00,20424.24,-0.4204562644152881,20574.970141739537
2021-03-12 06:00:00,21534.77,-0.46198316874072715,21502.32872285568
2021-03-12 07:00:00,23439.01,-0.46198316874072715,23102.531191644255
2021-03-12 08:00:00,24365.66,-0.4370670261454637,24442.28365846587
2021-03-12 09:00:00,23893.61,-0.3872347409549368,24266.805665580127
2021-03-12 10:00:00,23191.62,-0.36231859835967345,22785.5861239961
2021-03-12 11:00:00,22825.39,-0.3290970748993222,21736.652057549432
2021-03-12 12:00:00,22541.91,-0.2792647897087953,22076.76804345557
2021-03-12 13:00:00,22222.28,-0.2377378853833563,20398.33049656832
2021-03-12 14:00:00,21646.94,-0.15468407673247822,20080.797717809313
2021-03-12 15:00:00,21454.35,-0.19621098105791726,20097.01028148834
2021-03-12 16:00:00,21930.21,-0.295875551438971,20733.483824336723
2021-03-12 17:00:00,22581.64,-0.35401321749458564,21878.87251124168
2021-03-12 18:00:00,23915.02,-0.4038455026851125,23625.750200905535
2021-03-12 19:00:00,24697.36,-0.47859393047090276,24899.966855690403
2021-03-12 20:00:00,24400.75,-0.5616477391217809,24925.34491301338
2021-03-12 21:00:00,24176.91,-0.6197854051773956,24374.750172158165
2021-03-12 22:00:00,23699.94,-0.7194499755584491,24203.939451276998
2021-03-12 23:00:00,22962.99,-0.8606414502649419,23563.1962006984
2021-03-13 00:00:00,22532.52,-1.0184436867016105,23302.392461949574
2021-03-13 01:00:00,22419.31,-1.0184436867016105,22672.0971026391
2021-03-13 02:00:00,22528.78,-1.0184436867016105,22705.005141508696
2021-03-13 03:00:00,22906.79,-1.1014974953524885,23170.218287278924
2021-03-13 04:00:00,23376.95,-1.1513297805430152,23568.375558901676
2021-03-13 05:00:00,24036.28,-1.20946744659863,23955.056410158195
2021-03-13 06:00:00,25004.65,-1.3091320169796836,25272.42189222972
2021-03-13 07:00:00,26037.82,-1.3257427787098592,26975.814697190577
2021-03-13 08:00:00,26210.22,-1.3008266361145957,27487.706887731445
2021-03-13 09:00:00,26212.76,-1.2509943509240689,27202.379553534895
2021-03-13 10:00:00,25876.35,-1.2011620657335422,27179.435212785687
2021-03-13 11:00:00,25637.2,-1.1513297805430152,26645.492234674617
2021-03-13 12:00:00,25197.47,-1.0931921144874006,25964.67425868398
2021-03-13 13:00:00,24633.12,-1.0101383058365225,25970.124725844158
2021-03-13 14:00:00,23961.41,-0.9187791163205566,25564.623125498358
2021-03-13 15:00:00,23676.22,-0.9021683545903809,25614.90512730167
2021-03-13 16:00:00,23684.99,-0.8689468311300298,25539.67048294506
2021-03-13 17:00:00,24498.76,-0.810809165074415,26099.07919327622
2021-03-13 18:00:00,26375.24,-0.8440306885347663,27643.317153221557
2021-03-13 19:00:00,27717.05,-0.8606414502649419,28126.993840479747
2021-03-13 20:00:00,27313.42,-0.9021683545903809,27807.147925646746
2021-03-13 21:00:00,26817.99,-0.9520006397809079,27312.596255800763
2021-03-13 22:00:00,26034.1,-0.9353898780507323,26353.73964625582
2021-03-13 23:00:00,25021.64,-0.8523360693998542,25105.929892524437
2021-03-14 00:00:00,24328.0,-0.8689468311300298,24479.591303084286
2021-03-14 01:00:00,24101.23,-0.8855575928602053,24123.589725563143
2021-03-14 02:00:00,24063.14,-0.8689468311300298,24160.022834573378
2021-03-14 03:00:00,24025.05,-0.8523360693998542,24089.036093662366
2021-03-14 04:00:00,24058.14,-0.7941984033442395,24307.809256624063
2021-03-14 05:00:00,24227.79,-0.8523360693998542,24847.196516134114
2021-03-14 06:00:00,24695.41,-0.9187791163205566,25766.378726314564
2021-03-14 07:00:00,25576.56,-0.9104737354554688,26503.86948588973
2021-03-14 08:00:00,26191.27,-0.9021683545903809,26466.104512203936
2021-03-14 09:00:00,26677.53,-0.985222163241259,26942.69988786776
2021-03-14 10:00:00,27006.38,-0.9520006397809079,26902.272730192046
2021-03-14 11:00:00,27252.49,-0.985222163241259,26804.98977836032
2021-03-14 12:00:00,26904.77,-0.9686114015110834,26441.78673519474
2021-03-14 13:00:00,26326.07,-1.0101383058365225,25866.029945770555
2021-03-14 14:00:00,25704.26,-0.9769167823761714,25171.581089193336
2021-03-14 15:00:00,25208.82,-1.068275971892137,25046.218174884154
2021-03-14 16:00:00,25339.65,-1.068275971892137,25045.645727095583
2021-03-14 17:00:00,26069.18,-1.1347190188128395,25974.56145096252
2021-03-14 18:00:00,27466.53,-1.2509943509240689,27819.314400857376
2021-03-14 19:00:00,28877.52,-1.3257427787098592,28923.285393046237
2021-03-14 20:00:00,30152.36,-1.3838804447654738,28526.026091082513
2021-03-14 21:00:00,29952.95,-1.4503234916861765,28152.328689559276
2021-03-14 22:00:00,29384.9,-1.516766538606879,27188.233346289442
2021-03-14 23:00:00,28518.22,-1.5665988237974058,26498.788273475024
2021-03-15 00:00:00,27916.16,-1.6164311089879326,26275.37247888805
2021-03-15 01:00:00,27827.69,-1.6745687750435472,26381.51479074017
2021-03-15 02:00:00,27953.99,-1.7576225836944253,27101.416885805364
2021-03-15 03:00:00,28427.44,-1.81576024975004,27590.93402309389
2021-03-15 04:00:00,29072.99,-1.8572871540754792,28466.65952693693
2021-03-15 05:00:00,29825.88,-1.9071194392660058,29367.818040197923
2021-03-15 06:00:00,31198.99,-1.9569517244565324,31152.03199026561
2021-03-15 07:00:00,33257.28,-1.948646343591445,32458.256589751818
2021-03-15 08:00:00,34663.89,-1.9320355818612693,33409.09856865254
2021-03-15 09:00:00,33904.7,-1.8738979158056543,32571.054698820295
2021-03-15 10:00:00,32841.34,-1.7908441071547763,31310.019194029344
2021-03-15 11:00:00,31656.75,-1.6745687750435472,30350.883829402464
2021-03-15 12:00:00,30878.6,-1.591514966392669,29257.47347136041
2021-03-15 13:00:00,30185.59,-1.458628872551264,28098.687249445764
2021-03-15 14:00:00,29271.51,-1.3506589213051228,27269.3698098875
2021-03-15 15:00:00,28422.74,-1.2676051126542447,26595.324926083944
2021-03-15 16:00:00,27893.22,-1.2343835891938932,26617.475723732514
2021-03-15 17:00:00,28230.33,-1.20946744659863,27881.84703310821
2021-03-15 18:00:00,29224.85,-1.2592997317891568,30177.001835024756
2021-03-15 19:00:00,30124.97,-1.292521255249508,31407.344300365854
2021-03-15 20:00:00,31408.73,-1.3091320169796836,31367.910274742197
2021-03-15 21:00:00,31077.08,-1.334048159574947,30756.675113454672
2021-03-15 22:00:00,30292.59,-1.4087965873607373,30857.971953692406
2021-03-15 23:00:00,29156.94,-1.4337127299560009,29353.832826591086
2021-03-16 00:00:00,28292.2,-1.4420181108210888,28651.432839180405
2021-03-16 01:00:00,28005.55,-1.5250719194719669,28589.061575095366
2021-03-16 02:00:00,27957.42,-1.5250719194719669,28658.186803176723
2021-03-16 03:00:00,28195.01,-1.5333773003370545,28854.699299457996
2021-03-16 04:00:00,28563.45,-1.4918503960116154,28979.641415047867
2021-03-16 05:00:00,29081.91,-1.541682681202142,29422.700450096494
2021-03-16 06:00:00,30355.6,-1.458628872551264,30106.4885428881
2021-03-16 07:00:00,32289.82,-1.425407349090913,31705.088415869384
2021-03-16 08:00:00,33599.81,-1.2426889700589812,32093.054645103843
2021-03-16 09:00:00,32153.75,-1.1679405422731908,31433.598118631795
2021-03-16 10:00:00,30566.85,-1.0516652101619615,30572.34873092069
2021-03-16 11:00:00,29255.66,-1.0101383058365225,29598.296947975534
2021-03-16 12:00:00,28239.23,-0.8938629737252932,28738.550288938924
2021-03-16 13:00:00,27374.7,-0.8274199268045908,28097.299705551854
2021-03-16 14:00:00,26332.38,-0.7526714990188005,27450.90462169205
2021-03-16 15:00:00,25322.42,-0.6779230712330101,27212.668474078837
2021-03-16 16:00:00,24965.33,-0.6613123095028346,27335.442665431536
2021-03-16 17:00:00,25267.89,-0.6530069286377467,27880.026459038465
2021-03-16 18:00:00,26248.67,-0.7443661181537127,28790.734481327152
2021-03-16 19:00:00,27205.5,-0.7858930224791517,28510.639523322778
2021-03-16 20:00:00,28295.62,-0.8689468311300298,29430.142705216065
2021-03-16 21:00:00,27911.62,-0.9935275441063469,28706.002315958427
2021-03-16 22:00:00,27115.1,-0.985222163241259,27778.436947095783
2021-03-16 23:00:00,26110.98,-1.035054448431786,26324.907164802666
2021-03-17 00:00:00,25222.73,-1.0931921144874006,25622.695406913128
2021-03-17 01:00:00,24965.28,-1.076581352757225,25140.841803442978
2021-03-17 02:00:00,24827.0,-1.0516652101619615,24983.646026576018
2021-03-17 03:00:00,24867.73,-1.076581352757225,25040.651283019903
2021-03-17 04:00:00,25292.46,-1.068275971892137,25374.41237445879
2021-03-17 05:00:00,25853.87,-0.9935275441063469,25449.754883857484
2021-03-17 06:00:00,26862.82,-0.9769167823761714,26221.110380263905
2021-03-17 07:00:00,29019.01,-0.8772522119951176,27860.033746230863
2021-03-17 08:00:00,30146.72,-0.7526714990188005,28896.41319910671
2021-03-17 09:00:00,28889.86,-0.644701547772659,28145.520369635906
2021-03-17 10:00:00,27002.89,-0.4702885496058149,26024.601073154634
2021-03-17 11:00:00,25804.03,-0.37062397922476126,25253.40469697571
2021-03-17 12:00:00,24931.44,-0.24604326624844414,24840.110141944337
2021-03-17 13:00:00,24052.63,-0.22112712365318066,24100.12871782076
2021-03-17 14:00:00,23302.9,-0.1297679341372148,23376.88158412207
2021-03-17 15:00:00,22616.67,-0.09654641067686354,22619.985141270623
2021-03-17 16:00:00,22234.57,-0.12146255327212702,23773.42397216362
2021-03-17 17:00:00,22595.92,-0.10485179154195139,23671.66734409975
2021-03-17 18:00:00,23524.89,-0.27095940884370756,24390.086148301052
2021-03-17 19:00:00,24265.23,-0.295875551438971,25543.725824740195
2021-03-17 20:00:00,24969.5,-0.4121508835502003,26393.71103870413
2021-03-17 21:00:00,24736.93,-0.3955401218200247,25566.794012985738
2021-03-17 22:00:00,23831.36,-0.33740245576441,24535.682271458692
2021-03-17 23:00:00,22707.52,-0.4038455026851125,23454.523736310668
2021-03-18 00:00:00,21814.36,-0.42876164528037586,22361.874672416998
2021-03-18 01:00:00,21338.07,-0.3872347409549368,21406.844012076363
2021-03-18 02:00:00,21037.25,-0.44537240701055153,21327.30664811427
2021-03-18 03:00:00,21078.22,-0.4702885496058149,21156.680259938264
2021-03-18 04:00:00,21173.08,-0.4952046922010784,21359.032197424785
2021-03-18 05:00:00,21485.4,-0.48689931133599057,21555.120915487845
2021-03-18 06:00:00,22318.38,-0.5035100730661661,22538.86660175735
2021-03-18 07:00:00,24445.48,-0.5367315965265175,25313.501902933593
2021-03-18 08:00:00,25980.56,-0.4121508835502003,26135.93596235328
2021-03-18 09:00:00,25674.0,-0.3457078366294978,25947.543199556883
2021-03-18 10:00:00,24897.82,-0.2792647897087953,24802.082151384104
2021-03-18 11:00:00,24157.58,-0.24604326624844414,24641.093784329456
2021-03-18 12:00:00,23672.67,-0.24604326624844414,24255.367809974552
2021-03-18 13:00:00,23326.11,-0.17960021932774162,23719.300922802056
2021-03-18 14:00:00,22773.16,-0.13807331500230258,23281.052490432303
2021-03-18 15:00:00,22280.38,-0.16298945759756606,22841.16951753492
2021-03-18 16:00:00,22191.64,-0.17129483846265384,22107.035426885155
2021-03-18 17:00:00,22489.61,-0.35401321749458564,22833.689917247753
2021-03-18 18:00:00,23525.72,-0.5035100730661661,23667.879451140605
2021-03-18 19:00:00,24529.78,-0.6363961669075711,24903.006242056614
2021-03-18 20:00:00,25729.34,-0.7609768798838882,25835.542084481665
2021-03-18 21:00:00,25775.45,-0.8938629737252932,26038.591328482384
2021-03-18 22:00:00,25621.22,-1.0018329249714346,25978.59907630536
2021-03-18 23:00:00,24893.72,-1.0931921144874006,24883.532500727768
2021-03-19 00:00:00,24231.29,-1.1762459231382787,24154.32527997043
2021-03-19 01:00:00,24193.13,-1.2509943509240689,24093.200773723638
2021-03-19 02:00:00,24504.61,-1.3008266361145957,24152.01063196843
2021-03-19 03:00:00,24886.58,-1.3423535404400349,24368.776977334357
2021-03-19 04:00:00,25394.53,-1.3755750639003859,24659.237093760265
2021-03-19 05:00:00,26066.76,-1.4087965873607373,25514.019729631502
2021-03-19 06:00:00,27424.28,-1.4337127299560009,26588.897710153542
2021-03-19 07:00:00,29688.58,-1.4004912064956496,28356.998053603234
2021-03-19 08:00:00,31015.13,-1.3589643021702107,30417.927113140842
2021-03-19 09:00:00,30151.35,-1.3091320169796836,29578.931221031056
2021-03-19 10:00:00,28953.12,-1.1928566848684543,28131.000318441216
2021-03-19 11:00:00,27873.63,-1.109802876217576,27038.987641297168
2021-03-19 12:00:00,27031.84,-1.0101383058365225,26125.910641147657
2021-03-19 13:00:00,26299.98,-0.9104737354554688,25514.29223381492
2021-03-19 14:00:00,25308.81,-0.810809165074415,24849.859612235956
2021-03-19 15:00:00,24368.1,-0.7443661181537127,23957.060027460524
2021-03-19 16:00:00,23771.96,-0.727755356423537,23774.54362877532
2021-03-19 17:00:00,23830.17,-0.727755356423537,24015.654414945817
2021-03-19 18:00:00,24772.74,-0.769282260748976,24907.966784256874
2021-03-19 19:00:00,25559.83,-0.810809165074415,25896.796109210645
2021-03-19 20:00:00,26653.13,-0.810809165074415,26704.31885853087
2021-03-19 21:00:00,26479.04,-0.8274199268045908,26332.426085439776
2021-03-19 22:00:00,25941.93,-0.8523360693998542,25569.57034823941
2021-03-19 23:00:00,25072.61,-0.8772522119951176,24954.955424534666
2021-03-20 00:00:00,24224.59,-0.8606414502649419,24249.52615140543
2021-03-20 01:00:00,23851.33,-0.8523360693998542,24266.74001153326
2021-03-20 02:00:00,23692.64,-0.8772522119951176,24352.300131510012
2021-03-20 03:00:00,23771.05,-0.8689468311300298,24398.33909595699
2021-03-20 04:00:00,23968.39,-0.8689468311300298,24471.742377730345
2021-03-20 05:00:00,24407.4,-0.8440306885347663,24640.51682966254
2021-03-20 06:00:00,24974.12,-0.8357253076696786,25125.650570283797
2021-03-20 07:00:00,25928.91,-0.7360607372886249,26026.740781307628
2021-03-20 08:00:00,26635.43,-0.6114800243123076,26607.097708748774
2021-03-20 09:00:00,26116.34,-0.5118154539312539,26022.32218926758
2021-03-20 10:00:00,25476.08,-0.4038455026851125,25735.171591489932
2021-03-20 11:00:00,24720.33,-0.32079169403423435,24775.61606039782
2021-03-20 12:00:00,24097.42,-0.19621098105791726,24049.194060913025
2021-03-20 13:00:00,23174.49,-0.09654641067686354,23341.252405276253
2021-03-20 14:00:00,22129.76,-0.021797982891073302,22289.013336410902
2021-03-20 15:00:00,21282.25,0.05295044489471693,21114.602821731773
2021-03-20 16:00:00,20757.53,0.09447734922015597,20811.35831664609
2021-03-20 17:00:00,20761.26,0.0861719683550682,20791.754581248788
2021-03-20 18:00:00,21278.64,-0.046714125486336716,21913.76326644629
2021-03-20 19:00:00,21856.15,-0.15468407673247822,22531.410179738476
2021-03-20 20:00:00,22580.21,-0.36231859835967345,23721.46498597518
2021-03-20 21:00:00,22383.09,-0.2626540279786197,22904.5585604416
2021-03-20 22:00:00,22013.03,-0.33740245576441,22307.2014291301
2021-03-20 23:00:00,21410.65,-0.35401321749458564,21488.339673319566
2021-03-21 00:00:00,20824.73,-0.4370670261454637,20973.15504494078
2021-03-21 01:00:00,20481.95,-0.45367778787563934,20842.743001532457
2021-03-21 02:00:00,20399.12,-0.4952046922010784,20650.76335637188
2021-03-21 03:00:00,20522.48,-0.5616477391217809,20711.29744167246
2021-03-21 04:00:00,20796.95,-0.5865638817170443,20784.460289665934
2021-03-21 05:00:00,21235.61,-0.6530069286377467,21576.064356761257
2021-03-21 06:00:00,21723.89,-0.6530069286377467,21855.601610527716
2021-03-21 07:00:00,22834.26,-0.5118154539312539,22610.305653956537
2021-03-21 08:00:00,23589.49,-0.32079169403423435,22903.807975635722
2021-03-21 09:00:00,23234.65,-0.12146255327212702,22214.09002132655
2021-03-21 10:00:00,22753.1,-0.021797982891073302,21924.632492530498
2021-03-21 11:00:00,22406.9,0.09447734922015597,22131.30555948417
2021-03-21 12:00:00,22066.57,0.19414191960120977,21313.710085647657
2021-03-21 13:00:00,21442.4,0.28550110911717563,20964.69570925655
2021-03-21 14:00:00,20502.38,0.3934710603633172,20011.645937230536
2021-03-21 15:00:00,19660.85,0.44330334555384404,19239.12341955507
2021-03-21 16:00:00,19337.13,0.4765248690141953,18924.55806966857
2021-03-21 17:00:00,19574.49,0.4266925838236683,19011.083861029318
2021-03-21 18:00:00,20374.75,0.2439742047917366,20162.67508029878
2021-03-21 19:00:00,20982.44,-0.021797982891073302,21264.255608770367
2021-03-21 20:00:00,21703.32,-0.13807331500230258,22356.187792895318
2021-03-21 21:00:00,21527.37,-0.24604326624844414,22499.62878237747
2021-03-21 22:00:00,20808.74,-0.37062397922476126,22157.525341731784
2021-03-21 23:00:00,20019.24,-0.37062397922476126,21059.81892719003
2021-03-22 00:00:00,19201.06,-0.5035100730661661,20435.182381401904
2021-03-22 01:00:00,19034.67,-0.6613123095028346,20741.970972330153
2021-03-22 02:00:00,19113.13,-0.6613123095028346,20431.869731253453
2021-03-22 03:00:00,19452.15,-0.7111445946933614,20593.602280850133
2021-03-22 04:00:00,19776.14,-0.6197854051773956,20168.800503685434
2021-03-22 05:00:00,20448.38,-0.7194499755584491,21005.470854329396
2021-03-22 06:00:00,21653.02,-0.8025037842093272,22235.874282789508
2021-03-22 07:00:00,23897.43,-0.6696176903679224,23987.010324523762
2021-03-22 08:00:00,25342.42,-0.25434864711353194,23873.13244025103
2021-03-22 09:00:00,24639.5,-0.08824102981177576,23416.029119441242
2021-03-22 10:00:00,23364.12,0.2771957282520878,22285.294584186235
2021-03-22 11:00:00,22545.78,0.4516087264189318,21769.472638378335
2021-03-22 12:00:00,21827.14,0.5678840585301611,21691.070092974638
2021-03-22 13:00:00,21297.99,0.6924647715064781,21262.529530658154
2021-03-22 14:00:00,20817.89,0.750602437562093,20432.990141674058
2021-03-22 15:00:00,20090.11,0.7838239610224441,19853.58071879753
2021-03-22 16:00:00,19653.72,0.792129341887532,19706.99873814521
2021-03-22 17:00:00,20094.63,0.7256862949668296,19836.4988239798
2021-03-22 18:00:00,20736.66,0.5928002011254245,20514.149047573796
2021-03-22 19:00:00,21197.91,0.16922577700594627,21165.381763725898
2021-03-22 20:00:00,21753.67,0.0861719683550682,22131.318023893313
2021-03-22 21:00:00,21369.8,0.02803430229945359,22023.648158281958
2021-03-22 22:00:00,20495.94,-0.17960021932774162,22014.033582583612
2021-03-22 23:00:00,19588.85,-0.3457078366294978,21030.812380958778
2021-03-23 00:00:00,18624.06,-0.2626540279786197,19549.60426857282
2021-03-23 01:00:00,18265.97,-0.22943250451826852,18192.614462488877
2021-03-23 02:00:00,18171.53,-0.37062397922476126,18361.651726626806
2021-03-23 03:00:00,18317.96,-0.5118154539312539,18903.335756152064
2021-03-23 04:00:00,18530.49,-0.5201208347963419,18844.276308443626
2021-03-23 05:00:00,19062.5,-0.45367778787563934,19061.093253903317
2021-03-23 06:00:00,20216.25,-0.46198316874072715,20139.691908364202
2021-03-23 07:00:00,22338.43,-0.37892936008984907,22141.237114996682
2021-03-23 08:00:00,23804.99,-0.10485179154195139,23678.52521305324
2021-03-23 09:00:00,23382.87,0.20244730046629755,22223.21804593126
2021-03-23 10:00:00,22325.96,0.4266925838236683,21619.597680611587
2021-03-23 11:00:00,21695.7,0.5512732967999855,21088.482403304657
2021-03-23 12:00:00,21278.7,0.617716343720688,20875.203051643217
2021-03-23 13:00:00,20670.66,0.7256862949668296,21711.801145927595
2021-03-23 14:00:00,20099.36,0.8336562462129711,21532.083295840115
2021-03-23 15:00:00,19558.16,0.8585723888082343,20469.41705796703
2021-03-23 16:00:00,19393.24,0.9000992931336733,19703.80953029767
2021-03-23 17:00:00,19679.08,0.8585723888082343,19972.51304748304
2021-03-23 18:00:00,20595.0,0.7256862949668296,20607.296056465908
2021-03-23 19:00:00,20979.55,0.3851656794982293,21035.569710391992
2021-03-23 20:00:00,21532.43,0.11939349181541946,21989.986319145704
2021-03-23 21:00:00,21103.7,0.3602495369029659,20517.070755566994
2021-03-23 22:00:00,20213.33,0.06125582575980486,20755.01997398507
2021-03-23 23:00:00,19097.11,0.09447734922015597,19307.080412174128
2021-03-24 00:00:00,18103.85,0.011423540569277886,18003.859646109297
2021-03-24 01:00:00,17714.52,-0.32079169403423435,18389.730346874032
2021-03-24 02:00:00,17620.13,-0.27095940884370756,17866.20672251269
2021-03-24 03:00:00,17776.96,-0.3124863131691466,17566.855789001223
2021-03-24 04:00:00,18160.89,-0.36231859835967345,17949.177528507946
2021-03-24 05:00:00,18688.03,-0.45367778787563934,18562.60901210421
2021-03-24 06:00:00,19751.84,-0.21282174278809288,18601.929503030515
2021-03-24 07:00:00,21823.79,-0.07163026808160013,20700.52695940276
2021-03-24 08:00:00,23247.71,0.06956120662489264,22418.47581013809
2021-03-24 09:00:00,23436.65,0.25227958565682435,22083.5833281362
2021-03-24 10:00:00,22798.5,0.3851656794982293,21573.237800228297
2021-03-24 11:00:00,22236.81,0.5014410116094586,21484.89805054779
2021-03-24 12:00:00,21864.64,0.6011055819905124,20299.83810284812
2021-03-24 13:00:00,21289.83,0.5928002011254245,20589.39719914015
2021-03-24 14:00:00,20624.02,0.3685549177680537,20695.284751857624
2021-03-24 15:00:00,20410.92,0.21905806219647309,20533.125297939838
2021-03-24 16:00:00,20583.56,0.20244730046629755,21137.19701274796
2021-03-24 17:00:00,21257.35,0.2356688239266488,20651.527268660026
2021-03-24 18:00:00,22024.56,0.21905806219647309,21091.31230286047
2021-03-24 19:00:00,22083.48,0.19414191960120977,21008.2020283724
2021-03-24 20:00:00,22152.87,0.21905806219647309,21259.90448611459
2021-03-24 21:00:00,21505.9,0.21075268133138533,20634.514767839377
2021-03-24 22:00:00,20548.86,0.20244730046629755,19168.54932659923
2021-03-24 23:00:00,19505.1,0.19414191960120977,18455.886647464213
2021-03-25 00:00:00,18519.23,0.17753115787103405,17416.38555648699
2021-03-25 01:00:00,17972.87,0.16922577700594627,16509.540052065266
2021-03-25 02:00:00,17760.63,0.15261501527577073,16464.1394218378
2021-03-25 03:00:00,17646.87,0.12769887268050722,16343.500901018542
2021-03-25 04:00:00,17867.42,0.05295044489471693,16800.19611826525
2021-03-25 05:00:00,18117.7,0.04464506402962915,17999.626122194575
2021-03-25 06:00:00,18925.35,-0.055019506351424496,20074.973126028355
2021-03-25 07:00:00,20641.33,0.11939349181541946,21809.008365210408
2021-03-25 08:00:00,22027.37,0.2938064899822634,23158.000627447578
2021-03-25 09:00:00,22127.46,0.5014410116094586,23679.272086331202
2021-03-25 10:00:00,21632.35,0.6343271054508636,21399.963633600746
2021-03-25 11:00:00,21060.08,0.8004347227526197,20360.89224264836
2021-03-25 12:00:00,20768.56,0.8419616270780588,20329.474965653695
2021-03-25 13:00:00,20467.22,0.9499315783242003,19683.095640187268
2021-03-25 14:00:00,19934.38,1.0412907678401664,18916.7072397839
2021-03-25 15:00:00,19299.75,0.9914584826496393,18334.685201516964
2021-03-25 16:00:00,19206.57,0.8917939122685857,18373.656845653826
2021-03-25 17:00:00,19458.57,0.8004347227526197,18612.90154315335
2021-03-25 18:00:00,20101.8,0.700770152371566,19501.513725227185
2021-03-25 19:00:00,20350.45,0.5678840585301611,19578.613766741022
2021-03-25 20:00:00,20873.46,0.4599141072840196,19678.984824819236
2021-03-25 21:00:00,20517.99,0.35194415603787815,20064.598478609543
2021-03-25 22:00:00,19647.57,0.3353333943077024,18969.015479217098
2021-03-25 23:00:00,18544.66,0.25227958565682435,18183.1474336512
2021-03-26 00:00:00,17671.58,0.136004253545595,17506.868426880203
2021-03-26 01:00:00,17059.68,0.15261501527577073,16506.4467874835
2021-03-26 02:00:00,16831.87,0.2356688239266488,16099.71508337236
2021-03-26 03:00:00,16745.81,0.17753115787103405,16069.836410457321
2021-03-26 04:00:00,16823.5,0.05295044489471693,16137.854249321654
2021-03-26 05:00:00,17284.2,0.05295044489471693,16269.475447653162
2021-03-26 06:00:00,18100.24,0.0031181597041901074,17780.3864249741
2021-03-26 07:00:00,20050.64,0.011423540569277886,20347.935560335234
2021-03-26 08:00:00,21767.75,-0.055019506351424496,22465.409917996065
2021-03-26 09:00:00,22517.07,-0.09654641067686354,23036.68340824119
2021-03-26 10:00:00,22794.36,-0.14637869586739044,23365.006162021356
2021-03-26 11:00:00,22872.39,-0.1297679341372148,22659.340666530054
2021-03-26 12:00:00,22997.05,-0.08824102981177576,22562.890338060588
2021-03-26 13:00:00,22972.24,-0.06332488721651235,21625.300445979257
2021-03-26 14:00:00,22801.23,-0.07993564894668798,21107.615005581745
2021-03-26 15:00:00,22537.59,-0.16298945759756606,21211.98432650936
2021-03-26 16:00:00,22484.68,-0.18790560019282948,20895.222274352007
2021-03-26 17:00:00,22966.11,-0.21282174278809288,21162.899630858155
2021-03-26 18:00:00,23709.1,-0.27095940884370756,21847.435845604046
2021-03-26 19:00:00,23677.8,-0.22943250451826852,21966.092788144375
2021-03-26 20:00:00,23472.86,-0.27095940884370756,21967.243136166617
2021-03-26 21:00:00,22964.13,-0.33740245576441,22012.856297287606
2021-03-26 22:00:00,22331.34,-0.42876164528037586,21673.2380969315
2021-03-26 23:00:00,21511.94,-0.4702885496058149,21332.79630982244
2021-03-27 00:00:00,20652.21,-0.4702885496058149,20537.439461444468
2021-03-27 01:00:00,20047.2,-0.46198316874072715,20073.066937955
2021-03-27 02:00:00,19902.32,-0.4952046922010784,20542.982622896216
2021-03-27 03:00:00,19871.85,-0.5035100730661661,20529.104621503655
2021-03-27 04:00:00,19865.54,-0.5118154539312539,20782.02400366351
2021-03-27 05:00:00,20074.67,-0.553342358256693,21082.359278075015
2021-03-27 06:00:00,20645.94,-0.5616477391217809,21771.75978102521
2021-03-27 07:00:00,21801.81,-0.5699531199868686,23750.65442435109
2021-03-27 08:00:00,22718.0,-0.5699531199868686,24858.18151667155
2021-03-27 09:00:00,23651.42,-0.5367315965265175,25274.161650565977
2021-03-27 10:00:00,24172.7,-0.5284262156614296,25643.744005437937
2021-03-27 11:00:00,24358.66,-0.5284262156614296,25192.12681282963
2021-03-27 12:00:00,24264.46,-0.45367778787563934,24850.813915726598
2021-03-27 13:00:00,23979.03,-0.36231859835967345,24075.61559000299
2021-03-27 14:00:00,23062.54,-0.30418093230405874,23287.629815668424
2021-03-27 15:00:00,22659.7,-0.295875551438971,22680.66904301427
2021-03-27 16:00:00,22513.52,-0.3124863131691466,22588.708735550674
2021-03-27 17:00:00,22935.68,-0.32079169403423435,23346.783042546533
2021-03-27 18:00:00,23784.5,-0.37892936008984907,24593.059063126195
2021-03-27 19:00:00,23992.06,-0.3872347409549368,24809.58325935189
2021-03-27 20:00:00,24050.67,-0.42876164528037586,24556.25645606831
2021-03-27 21:00:00,23650.29,-0.42876164528037586,23832.894666764274
2021-03-27 22:00:00,22932.81,-0.4204562644152881,22721.37524462407
2021-03-27 23:00:00,22004.01,-0.4370670261454637,22125.42191582374
2021-03-28 00:00:00,21249.21,-0.42876164528037586,21305.92045996137
2021-03-28 01:00:00,20584.79,-0.4204562644152881,20917.918457730346
2021-03-28 02:00:00,20534.98,-0.4370670261454637,20966.768326560454
2021-03-28 03:00:00,20515.4,-0.42876164528037586,20752.51759676304
2021-03-28 04:00:00,20525.51,-0.4702885496058149,21290.706545263343
2021-03-28 05:00:00,20856.56,-0.4952046922010784,21666.381700383492
2021-03-28 06:00:00,21349.04,-0.5035100730661661,22122.68531159747
2021-03-28 07:00:00,22144.61,-0.46198316874072715,22935.399019257417
2021-03-28 08:00:00,22883.76,-0.2875701705738832,23011.529079655495
2021-03-28 09:00:00,23669.8,-0.2045163619230051,23163.680762909284
2021-03-28 10:00:00,24265.24,0.011423540569277886,23847.05182168646
2021-03-28 11:00:00,24404.07,-0.005187221160897672,23812.120259245115
2021-03-28 12:00:00,24578.75,-0.06332488721651235,23748.772165761944
2021-03-28 13:00:00,24633.46,-0.07163026808160013,23097.009462698086
2021-03-28 14:00:00,24417.9,-0.021797982891073302,22426.2763111119
2021-03-28 15:00:00,24127.73,0.04464506402962915,21632.196714452977
2021-03-28 16:00:00,24045.12,0.06125582575980486,21240.865031740534
2021-03-28 17:00:00,24582.23,0.05295044489471693,21744.518567186642
2021-03-28 18:00:00,25234.28,0.15261501527577073,22103.347665061803
2021-03-28 19:00:00,24868.09,0.1027827300852439,22512.976635631087
2021-03-28 20:00:00,24412.2,0.07786658748998042,22590.099733179708
2021-03-28 21:00:00,23699.77,-0.013492602025985451,22169.244531409924
2021-03-28 22:00:00,22865.43,-0.06332488721651235,21337.399721335234
2021-03-28 23:00:00,21768.22,-0.16298945759756606,20494.13536278963
2021-03-29 00:00:00,20819.33,-0.2792647897087953,20010.515262223445
2021-03-29 01:00:00,20328.62,-0.32079169403423435,19236.0285662109
2021-03-29 02:00:00,20137.67,-0.4370670261454637,19758.967799953512
2021-03-29 03:00:00,20425.74,-0.4370670261454637,20064.68323086029
2021-03-29 04:00:00,20723.88,-0.5450369773916052,20842.531520686607
2021-03-29 05:00:00,21271.2,-0.6197854051773956,21124.846141249545
2021-03-29 06:00:00,22658.24,-0.7194499755584491,22192.39957623532
2021-03-29 07:00:00,24806.36,-0.7858930224791517,24441.472445628417
2021-03-29 08:00:00,26672.98,-0.7858930224791517,26022.81188835982
2021-03-29 09:00:00,27185.26,-0.7941984033442395,26345.637840754738
2021-03-29 10:00:00,26348.41,-0.7526714990188005,25615.344314209015
2021-03-29 11:00:00,25477.93,-0.6530069286377467,24745.523700396265
2021-03-29 12:00:00,24966.18,-0.6031746434472199,24445.302739958715
2021-03-29 13:00:00,24529.28,-0.5782585008519565,24030.84151873935
2021-03-29 14:00:00,23813.71,-0.4702885496058149,23505.057853959104
2021-03-29 15:00:00,22962.43,-0.44537240701055153,23202.417499830914
2021-03-29 16:00:00,22547.31,-0.4038455026851125,22705.325328355302
2021-03-29 17:00:00,22974.81,-0.4121508835502003,24178.982302283785
2021-03-29 18:00:00,23655.11,-0.44537240701055153,25949.1916785373
2021-03-29 19:00:00,24178.1,-0.5118154539312539,26099.895562353984
2021-03-29 20:00:00,25013.74,-0.553342358256693,25936.184905218663
2021-03-29 21:00:00,25088.47,-0.5616477391217809,25333.639955420287
2021-03-29 22:00:00,24296.95,-0.727755356423537,25022.37677089691
2021-03-29 23:00:00,23452.4,-0.6530069286377467,23611.651027381933
2021-03-30 00:00:00,22645.83,-0.7194499755584491,23206.895731758537
2021-03-30 01:00:00,22058.35,-0.727755356423537,23017.64818952171
2021-03-30 02:00:00,21966.69,-0.7194499755584491,22854.371628933153
2021-03-30 03:00:00,22252.8,-0.7360607372886249,22868.04153842096
2021-03-30 04:00:00,22422.69,-0.6862284520980979,22846.071615353863
2021-03-30 05:00:00,22850.85,-0.7194499755584491,23052.28073731273
2021-03-30 06:00:00,23852.38,-0.6613123095028346,24068.76091155143
2021-03-30 07:00:00,25795.22,-0.5699531199868686,25205.770886947692
2021-03-30 08:00:00,26698.78,-0.4370670261454637,26776.776213898218
2021-03-30 09:00:00,25954.59,-0.27095940884370756,26793.915368004542
2021-03-30 10:00:00,24683.92,-0.06332488721651235,25998.792475453138
2021-03-30 11:00:00,23707.97,0.11939349181541946,25013.64207860254
2021-03-30 12:00:00,23023.72,0.25227958565682435,24422.537840484492
2021-03-30 13:00:00,22365.93,0.3851656794982293,24137.749920342398
2021-03-30 14:00:00,21647.73,0.41008182209349275,23289.33407378798
2021-03-30 15:00:00,21005.23,0.5512732967999855,22481.230268429415
2021-03-30 16:00:00,20601.05,0.6094109628556001,22141.499213695828
2021-03-30 17:00:00,20856.77,0.5761894393952489,22705.04072024942
2021-03-30 18:00:00,21579.38,0.5346625350698099,23748.660110306137
2021-03-30 19:00:00,21731.25,0.4599141072840196,23647.300998391478
2021-03-30 20:00:00,22141.99,0.4183872029585805,23533.50530625658
2021-03-30 21:00:00,21769.53,0.35194415603787815,22230.34112918957
2021-03-30 22:00:00,20965.91,0.3021118708473512,21318.41445941953
2021-03-30 23:00:00,19860.88,0.26058496652191215,20241.490318746975
2021-03-31 00:00:00,18913.0,0.19414191960120977,19102.979002247732
2021-03-31 01:00:00,18422.58,0.1027827300852439,18464.51841010464
2021-03-31 02:00:00,18319.44,0.06956120662489264,18006.411086625612
2021-03-31 03:00:00,18222.86,0.05295044489471693,17866.060166141615
2021-03-31 04:00:00,18264.92,0.03633968316454137,17706.090340108938
2021-03-31 05:00:00,18606.52,0.04464506402962915,17953.704282304967
2021-03-31 06:00:00,19619.99,0.03633968316454137,18663.09059596461
2021-03-31 07:00:00,21334.71,0.07786658748998042,20668.307364741617
2021-03-31 08:00:00,22692.76,0.15261501527577073,22405.4342413692
2021-03-31 09:00:00,23012.2,0.185836538736122,22492.88871865016
2021-03-31 10:00:00,22653.05,0.2439742047917366,21903.54915155703
2021-03-31 11:00:00,22384.55,0.2938064899822634,21648.523148303866
2021-03-31 12:00:00,22171.36,0.34363877517279023,21734.177053089596
2021-03-31 13:00:00,21904.01,0.401776441228405,21207.464486520726
2021-03-31 14:00:00,21538.11,0.3353333943077024,21095.893508466066
2021-03-31 15:00:00,21130.81,0.26058496652191215,20504.69171446717
2021-03-31 16:00:00,21017.97,0.2356688239266488,20801.869077778585
2021-03-31 17:00:00,21733.29,0.09447734922015597,21479.145113481572
2021-03-31 18:00:00,22337.53,0.011423540569277886,22411.20917501649
2021-03-31 19:00:00,22498.49,-0.08824102981177576,22478.27845845573
2021-03-31 20:00:00,22436.84,-0.15468407673247822,22745.01061771671
2021-03-31 21:00:00,22045.68,-0.17960021932774162,22734.710585461024
2021-03-31 22:00:00,21252.09,-0.2377378853833563,21901.21668016813
2021-03-31 23:00:00,20504.13,-0.2875701705738832,20758.510590539794
2021-04-01 00:00:00,19446.83,-0.3457078366294978,19974.130422827202
2021-04-01 01:00:00,19073.59,-0.3955401218200247,19550.359313967416
2021-04-01 02:00:00,18990.29,-0.4204562644152881,19784.310399394548
2021-04-01 03:00:00,19124.79,-0.4370670261454637,19585.00718866519
2021-04-01 04:00:00,19259.26,-0.44537240701055153,19509.458306903038
2021-04-01 05:00:00,19678.32,-0.594869262582132,20310.535573148896
2021-04-01 06:00:00,20947.18,-0.5865638817170443,21167.623533083533
2021-04-01 07:00:00,23286.67,-0.644701547772659,23874.441888584566
2021-04-01 08:00:00,25154.86,-0.7028392138282736,25744.273014967326
2021-04-01 09:00:00,25788.97,-0.7858930224791517,26367.98975393094
2021-04-01 10:00:00,25879.91,-0.7194499755584491,25851.681336365302
2021-04-01 11:00:00,25596.03,-0.6031746434472199,25067.2463142475
2021-04-01 12:00:00,25324.75,-0.5367315965265175,24811.87609983849
2021-04-01 13:00:00,24800.71,-0.47859393047090276,24456.94569770445
2021-04-01 14:00:00,24211.4,-0.44537240701055153,24078.904656503728
2021-04-01 15:00:00,23624.44,-0.4204562644152881,23713.865841362163
2021-04-01 16:00:00,23608.06,-0.4121508835502003,23510.1930029291
2021-04-01 17:00:00,24163.4,-0.6363961669075711,24649.383897045613
2021-04-01 18:00:00,24767.98,-0.7360607372886249,25376.25877391833
2021-04-01 19:00:00,25466.57,-0.8689468311300298,26307.653236771417
2021-04-01 20:00:00,26185.12,-0.94369525891582,26488.209982320717
2021-04-01 21:00:00,26031.89,-1.0184436867016105,26531.971495193906
2021-04-01 22:00:00,25536.87,-1.0433598292968738,25954.49538671366
2021-04-01 23:00:00,24651.72,-1.0516652101619615,25486.330245227306
2021-04-02 00:00:00,23846.74,-1.068275971892137,24690.0441886332
2021-04-02 01:00:00,23423.12,-1.068275971892137,23855.001982624024
2021-04-02 02:00:00,23318.74,-1.0599705910270494,23529.68789083136
2021-04-02 03:00:00,23433.63,-1.0433598292968738,23630.36575081405
2021-04-02 04:00:00,23715.05,-1.1014974953524885,24051.114371871332
2021-04-02 05:00:00,24241.98,-1.1679405422731908,24665.14333897726
2021-04-02 06:00:00,25090.07,-1.1762459231382787,25869.806757379338
2021-04-02 07:00:00,26568.27,-1.1513297805430152,27043.948479973697
2021-04-02 08:00:00,27150.28,-1.1014974953524885,28482.95071772866
2021-04-02 09:00:00,26685.58,-1.0433598292968738,28343.90023178539
2021-04-02 10:00:00,26214.11,-0.9353898780507323,28298.387802778612
2021-04-02 11:00:00,25807.51,-0.8274199268045908,27364.60335682614
2021-04-02 12:00:00,25318.42,-0.6862284520980979,26368.72580177805
2021-04-02 13:00:00,24707.49,-0.5699531199868686,26293.420141681952
2021-04-02 14:00:00,23998.83,-0.48689931133599057,25490.36155381011
2021-04-02 15:00:00,23328.88,-0.4038455026851125,24835.806560666926
2021-04-02 16:00:00,22972.47,-0.36231859835967345,24275.542936266793
2021-04-02 17:00:00,23117.06,-0.4121508835502003,24563.74911441034
2021-04-02 18:00:00,23786.05,-0.48689931133599057,24816.766366604334
2021-04-02 19:00:00,24084.69,-0.5699531199868686,24828.040615561913
2021-04-02 20:00:00,24794.45,-0.6031746434472199,25086.530466474356
2021-04-02 21:00:00,24726.71,-0.6862284520980979,24946.96690560927
2021-04-02 22:00:00,24250.15,-0.7360607372886249,24327.346857595676
2021-04-02 23:00:00,23486.41,-0.769282260748976,23797.2427538973
2021-04-03 00:00:00,22775.81,-0.8440306885347663,23207.74491282903
2021-04-03 01:00:00,22479.87,-0.8855575928602053,22596.318561702483
2021-04-03 02:00:00,22486.08,-0.9104737354554688,22567.97631579837
2021-04-03 03:00:00,22671.1,-0.9603060206459957,22987.24832395367
2021-04-03 04:00:00,23029.8,-0.985222163241259,23130.07140083286
2021-04-03 05:00:00,23522.87,-0.9935275441063469,23069.70546650564
2021-04-03 06:00:00,24126.7,-0.985222163241259,23857.523056848222
2021-04-03 07:00:00,25191.79,-0.7858930224791517,23614.437188061456
2021-04-03 08:00:00,25347.62,-0.6197854051773956,23736.36985800656
2021-04-03 09:00:00,24728.86,-0.553342358256693,24047.845346184808
2021-04-03 10:00:00,24172.41,-0.37892936008984907,24267.109738293035
2021-04-03 11:00:00,23806.13,-0.2377378853833563,24015.442276873695
2021-04-03 12:00:00,23538.12,-0.1297679341372148,23582.838562366156
2021-04-03 13:00:00,22733.83,-0.08824102981177576,22893.499942699556
2021-04-03 14:00:00,21837.67,-0.038408744621248936,22064.62739577996
2021-04-03 15:00:00,20877.64,0.06956120662489264,21096.87332402822
2021-04-03 16:00:00,20339.63,0.02803430229945359,21086.166859911464
2021-04-03 17:00:00,20365.66,0.03633968316454137,21184.678175482786
2021-04-03 18:00:00,20873.14,-0.07163026808160013,21915.882072777156
2021-04-03 19:00:00,21364.99,-0.2045163619230051,22482.735320748125
2021-04-03 20:00:00,22003.84,-0.22943250451826852,22831.643336623074
2021-04-03 21:00:00,22165.78,-0.295875551438971,22674.265521020192
2021-04-03 22:00:00,21817.82,-0.3290970748993222,21783.19051216951
2021-04-03 23:00:00,21081.13,-0.36231859835967345,21017.85699885761
2021-04-04 00:00:00,20340.61,-0.4038455026851125,20385.661311825676
2021-04-04 01:00:00,19904.01,-0.4121508835502003,20039.08081141302
2021-04-04 02:00:00,19931.94,-0.48689931133599057,20150.337512833317
2021-04-04 03:00:00,20110.53,-0.4952046922010784,20027.10991234733
2021-04-04 04:00:00,20334.92,-0.5367315965265175,20330.61669401993
2021-04-04 05:00:00,20656.63,-0.5865638817170443,20556.36268593429
2021-04-04 06:00:00,21142.71,-0.5284262156614296,20613.353411044212
2021-04-04 07:00:00,22030.98,-0.4204562644152881,22113.430688886616
2021-04-04 08:00:00,22300.88,-0.33740245576441,23045.36302271063
2021-04-04 09:00:00,22690.62,-0.24604326624844414,23239.26060232941
2021-04-04 10:00:00,22689.21,-0.10485179154195139,23333.450903502016
2021-04-04 11:00:00,22311.57,-0.013492602025985451,23256.825025036134
2021-04-04 12:00:00,21839.19,0.0861719683550682,23183.133470380515
2021-04-04 13:00:00,21144.02,0.17753115787103405,21712.604794614927
2021-04-04 14:00:00,20137.06,0.3104172517124391,20810.17060392055
2021-04-04 15:00:00,19334.76,0.34363877517279023,20085.43211390895
2021-04-04 16:00:00,18988.47,0.35194415603787815,19482.894139386175
2021-04-04 17:00:00,19095.65,0.3602495369029659,19620.436492400353
2021-04-04 18:00:00,19728.21,0.41008182209349275,19768.981001345386
2021-04-04 19:00:00,20147.48,0.3021118708473512,20376.822935806973
2021-04-04 20:00:00,20584.95,0.21075268133138533,21093.845287825017
2021-04-04 21:00:00,20491.35,0.1027827300852439,20884.049811983827
2021-04-04 22:00:00,20075.19,0.019728921434365814,20564.273882428664
2021-04-04 23:00:00,19365.5,-0.005187221160897672,19758.252176349597
2021-04-05 00:00:00,18653.26,-0.08824102981177576,19013.881120670052
2021-04-05 01:00:00,18255.19,-0.2045163619230051,18774.25919860816
2021-04-05 02:00:00,18240.59,-0.33740245576441,19148.297610713274
2021-04-05 03:00:00,18380.1,-0.3457078366294978,19274.242955294434
2021-04-05 04:00:00,18649.52,-0.35401321749458564,19265.741867475284
2021-04-05 05:00:00,19115.93,-0.4038455026851125,19606.140616974746
2021-04-05 06:00:00,19876.7,-0.42876164528037586,20741.891143215304
2021-04-05 07:00:00,21173.83,-0.295875551438971,22505.634284708052
2021-04-05 08:00:00,21835.33,-0.12146255327212702,23285.92969994562
2021-04-05 09:00:00,21952.66,-0.038408744621248936,23185.0426228877
2021-04-05 10:00:00,22096.98,0.136004253545595,22428.941786889747
2021-04-05 11:00:00,21950.04,0.2356688239266488,22372.950926873113
2021-04-05 12:00:00,21659.67,0.31872263257752687,22217.765831757195
2021-04-05 13:00:00,21371.58,0.37686029863314147,22326.853677658924
2021-04-05 14:00:00,20711.93,0.4599141072840196,21613.260926983272
2021-04-05 15:00:00,20044.7,0.46821948814910735,20830.098605575626
2021-04-05 16:00:00,19829.69,0.4599141072840196,20839.83580843546
2021-04-05 17:00:00,20308.95,0.4266925838236683,20840.18864522266
2021-04-05 18:00:00,21074.7,0.3685549177680537,21067.625920787334
2021-04-05 19:00:00,21219.53,0.28550110911717563,20534.90653444483
2021-04-05 20:00:00,21569.67,0.2356688239266488,21037.81970584959
2021-04-05 21:00:00,21358.34,0.15261501527577073,21082.173651676934
2021-04-05 22:00:00,20389.34,0.06956120662489264,20989.24353627664
2021-04-05 23:00:00,19436.07,-0.013492602025985451,20154.36937850696
2021-04-06 00:00:00,18513.25,-0.10485179154195139,19314.344747825347
2021-04-06 01:00:00,18150.39,-0.14637869586739044,18240.331310129874
2021-04-06 02:00:00,18116.71,-0.17960021932774162,18065.60483662416
2021-04-06 03:00:00,18207.68,-0.295875551438971,18667.84075996967
2021-04-06 04:00:00,18419.52,-0.37062397922476126,19041.792290858266
2021-04-06 05:00:00,18866.49,-0.4370670261454637,19575.23607782755
2021-04-06 06:00:00,19943.53,-0.42876164528037586,20888.35579315515
2021-04-06 07:00:00,22000.6,-0.2377378853833563,21853.555154808608
2021-04-06 08:00:00,23071.48,-0.10485179154195139,22559.480595544108
2021-04-06 09:00:00,22614.16,-0.005187221160897672,22634.996756217115
2021-04-06 10:00:00,21843.02,0.1027827300852439,22185.2682172733
2021-04-06 11:00:00,21451.72,0.22736344306156103,21985.439895021318
2021-04-06 12:00:00,21178.2,0.2688903473870001,21980.204083536646
2021-04-06 13:00:00,20774.17,0.35194415603787815,21260.671991794563
2021-04-06 14:00:00,20034.32,0.4516087264189318,20521.040163313955
2021-04-06 15:00:00,19537.97,0.5346625350698099,19700.67645801891
2021-04-06 16:00:00,19302.56,0.5346625350698099,19519.685438124736
2021-04-06 17:00:00,19662.27,0.5429679159348977,19438.235961945582
2021-04-06 18:00:00,20179.2,0.44330334555384404,20268.51635201119
2021-04-06 19:00:00,20535.18,0.3104172517124391,20369.508856947894
2021-04-06 20:00:00,20754.91,0.2771957282520878,20747.395940504415
2021-04-06 21:00:00,20588.88,0.21075268133138533,20694.469448119275
2021-04-06 22:00:00,19704.26,0.21075268133138533,19719.143484848275
2021-04-06 23:00:00,18671.97,0.2439742047917366,18531.758698214406
2021-04-07 00:00:00,17561.18,0.15261501527577073,17777.313306536274
2021-04-07 01:00:00,17161.55,0.05295044489471693,17633.20729980662
2021-04-07 02:00:00,17025.08,0.019728921434365814,17672.503855276165
2021-04-07 03:00:00,17011.87,-0.12146255327212702,18176.01053680857
2021-04-07 04:00:00,17085.76,-0.13807331500230258,18060.28022821106
2021-04-07 05:00:00,17421.78,-0.27095940884370756,18716.253699815697
2021-04-07 06:00:00,18382.4,-0.17129483846265384,19462.912453525492
2021-04-07 07:00:00,20074.17,0.1027827300852439,20821.04292736922
2021-04-07 08:00:00,21349.13,0.19414191960120977,21853.562451212612
2021-04-07 09:00:00,21465.84,0.34363877517279023,21887.658633365936
2021-04-07 10:00:00,20936.8,0.4183872029585805,21414.020120028454
2021-04-07 11:00:00,20377.78,0.4599141072840196,21229.189468913955
2021-04-07 12:00:00,20005.78,0.4599141072840196,21282.147564420382
2021-04-07 13:00:00,19842.11,0.5263571542047221,19966.64203636454
2021-04-07 14:00:00,19343.31,0.5844948202603367,18988.522386686247
2021-04-07 15:00:00,18978.57,0.6011055819905124,18281.980351045277
2021-04-07 16:00:00,18771.96,0.6094109628556001,18247.9380481913
2021-04-07 17:00:00,18922.21,0.617716343720688,18414.988979079375
2021-04-07 18:00:00,19371.79,0.5263571542047221,19262.23896214327
2021-04-07 19:00:00,19674.94,0.41008182209349275,19984.600662388384
2021-04-07 20:00:00,19989.55,0.35194415603787815,20406.131507819897
2021-04-07 21:00:00,19764.42,0.3270280134426147,19842.43111496171
2021-04-07 22:00:00,19096.09,0.28550110911717563,18715.72436001998
2021-04-07 23:00:00,18048.89,0.05295044489471693,18528.20252346932
2021-04-08 00:00:00,16991.91,0.07786658748998042,17174.9108930616
2021-04-08 01:00:00,16564.15,0.05295044489471693,16597.200903682427
2021-04-08 02:00:00,16462.24,-0.013492602025985451,16877.327565018768
2021-04-08 03:00:00,16539.4,-0.07163026808160013,17083.281416296468
2021-04-08 04:00:00,16802.76,-0.11315717240703917,16975.927862628607
2021-04-08 05:00:00,17169.8,-0.16298945759756606,17416.08594148375
2021-04-08 06:00:00,18215.37,-0.1297679341372148,18510.302595200465
2021-04-08 07:00:00,19983.2,-0.030103363756161083,20218.104325246626
2021-04-08 08:00:00,21017.45,0.16092039614085848,20939.994868080772
2021-04-08 09:00:00,20872.63,0.3685549177680537,20911.238159435266
2021-04-08 10:00:00,20372.87,0.5595786776650734,20293.315955656617
2021-04-08 11:00:00,19862.43,0.6758540097763026,20110.950738744745
2021-04-08 12:00:00,19658.68,0.792129341887532,19745.145086974848
2021-04-08 13:00:00,19334.77,0.9084046739987612,19693.55542867434
2021-04-08 14:00:00,18932.8,0.9997638635147272,19278.418763818278
2021-04-08 15:00:00,18473.76,1.0246800061099905,18500.804491977964
2021-04-08 16:00:00,18356.74,1.0662069104354295,17799.51206243948
2021-04-08 17:00:00,18658.89,1.0495961487052539,17919.057934666886
2021-04-08 18:00:00,19091.56,0.9665423400543759,18534.88834834642
2021-04-08 19:00:00,19321.19,0.6841593906413905,18918.56749983926
2021-04-08 20:00:00,19634.13,0.6260217245857758,19191.847055670765
2021-04-08 21:00:00,19665.32,0.49313563074437083,19088.195166165166
2021-04-08 22:00:00,18769.15,0.41008182209349275,18892.74572882015
2021-04-08 23:00:00,17658.47,0.34363877517279023,17430.606717083345
2021-04-09 00:00:00,16532.05,0.2771957282520878,16514.058668977275
2021-04-09 01:00:00,16000.87,0.17753115787103405,15986.268750681778
2021-04-09 02:00:00,15826.28,0.07786658748998042,16180.941252490866
2021-04-09 03:00:00,15718.36,0.03633968316454137,15861.522702466349
2021-04-09 04:00:00,15814.89,-0.005187221160897672,15855.33146457115
2021-04-09 05:00:00,16143.84,-0.06332488721651235,16028.098237687336
2021-04-09 06:00:00,17036.83,-0.038408744621248936,17121.526423193776
2021-04-09 07:00:00,18593.63,0.14430963441068295,18717.749735167075
2021-04-09 08:00:00,19948.78,0.3934710603633172,19658.40577165781
2021-04-09 09:00:00,20161.62,0.5928002011254245,19811.146397310837
2021-04-09 10:00:00,19854.98,0.8253508653478832,19145.423833750843
2021-04-09 11:00:00,19500.28,1.0246800061099905,18706.76006830215
2021-04-09 12:00:00,19213.32,1.1492607190863076,18548.723639490716
2021-04-09 13:00:00,19006.8,1.2821468129277127,18097.006801711745
2021-04-09 14:00:00,18645.32,1.340284478983327,17268.259171073496
2021-04-09 15:00:00,18110.47,1.340284478983327,16638.439662090972
2021-04-09 16:00:00,17929.32,1.307062955522976,16977.157042547577
2021-04-09 17:00:00,18052.28,1.2738414320626248,17262.762619057532
2021-04-09 18:00:00,18562.78,1.1409553382212199,17952.426480556056
2021-04-09 19:00:00,18503.49,1.0662069104354295,17342.924863631
2021-04-09 20:00:00,18676.7,0.6924647715064781,18456.24245251205
2021-04-09 21:00:00,18673.38,0.700770152371566,18136.216110511363
2021-04-09 22:00:00,17987.64,0.8087401036177077,17407.716617580594
2021-04-09 23:00:00,16985.19,0.6841593906413905,16217.418704050418
2021-04-10 00:00:00,15994.85,0.5761894393952489,15192.534731838017
2021-04-10 01:00:00,15334.74,0.49313563074437083,14363.65222083823
2021-04-10 02:00:00,14966.07,0.5180517733396344,13864.380588898188
2021-04-10 03:00:00,14903.59,0.35194415603787815,13952.973916676345
2021-04-10 04:00:00,14980.25,0.2771957282520878,13859.976130105271
2021-04-10 05:00:00,15116.92,0.25227958565682435,13927.700504774095
2021-04-10 06:00:00,15543.82,0.2688903473870001,14664.466914948625
2021-04-10 07:00:00,16103.35,0.3602495369029659,16281.916717569731
2021-04-10 08:00:00,17030.24,0.4266925838236683,17889.164747058876
2021-04-10 09:00:00,17869.73,0.5429679159348977,18798.262661043238
2021-04-10 10:00:00,18320.62,0.7173809141017417,18172.809305034196
2021-04-10 11:00:00,18551.82,0.8170454844827952,18725.34452390886
2021-04-10 12:00:00,18551.93,1.008069244379815,18281.932652134954
2021-04-10 13:00:00,18385.26,1.0579015295703418,18012.826362432235
2021-04-10 14:00:00,17826.48,1.1658714808164834,17309.89449305496
2021-04-10 15:00:00,17353.39,1.1658714808164834,16916.902217586154
2021-04-10 16:00:00,17093.96,1.2073983851419225,17190.296328069027
2021-04-10 17:00:00,17574.51,1.224009146872098,17257.91660369323
2021-04-10 18:00:00,18068.72,1.1160391956259565,17986.18136665433
2021-04-10 19:00:00,18360.94,0.8668777696733222,17919.602314024152
2021-04-10 20:00:00,18439.79,0.7672131992922686,17539.73345685978
2021-04-10 21:00:00,18595.45,0.6675486289112149,17854.847493290043
2021-04-10 22:00:00,17847.27,0.6260217245857758,17459.596677416685
2021-04-10 23:00:00,16892.25,0.35194415603787815,17263.610185343645
2021-04-11 00:00:00,16017.51,0.185836538736122,16601.78835417842
2021-04-11 01:00:00,15526.55,0.06125582575980486,16331.145435252047
2021-04-11 02:00:00,15230.51,-0.030103363756161083,16750.836849159
2021-04-11 03:00:00,15269.24,-0.055019506351424496,15920.143466227833
2021-04-11 04:00:00,15338.94,-0.10485179154195139,15973.572840962872
2021-04-11 05:00:00,15761.25,-0.07993564894668798,15714.990903839922
2021-04-11 06:00:00,16148.27,-0.055019506351424496,16023.22657744242
2021-04-11 07:00:00,16643.12,-0.030103363756161083,17516.55787609002
2021-04-11 08:00:00,17313.58,0.12769887268050722,18188.663767592432
2021-04-11 09:00:00,18005.52,0.21075268133138533,18688.993435484408
2021-04-11 10:00:00,18649.57,0.43499796468875623,19383.40430931336
2021-04-11 11:00:00,18802.29,0.5180517733396344,19360.258652805667
2021-04-11 12:00:00,18957.88,0.6509378671810392,19337.09033628066
2021-04-11 13:00:00,18832.32,0.7256862949668296,19158.122241946825
2021-04-11 14:00:00,18191.42,0.8087401036177077,18944.561239653463
2021-04-11 15:00:00,17604.38,0.792129341887532,18678.808199365154
2021-04-11 16:00:00,17385.23,0.709075533236654,18925.7023516988
2021-04-11 17:00:00,17822.17,0.6426324863159515,19517.82708872519
2021-04-11 18:00:00,18536.6,0.4765248690141953,20315.705892050843
2021-04-11 19:00:00,18882.06,0.37686029863314147,20923.488488254206
2021-04-11 20:00:00,19249.41,0.28550110911717563,20739.925850522875
2021-04-11 21:00:00,19181.51,0.25227958565682435,20774.49560985679
2021-04-11 22:00:00,18338.32,0.16092039614085848,20190.61728945889
2021-04-11 23:00:00,17210.11,0.07786658748998042,18894.368169552414
2021-04-12 00:00:00,16199.0,0.02803430229945359,17780.125033441334
2021-04-12 01:00:00,15871.79,0.011423540569277886,16780.266556488434
2021-04-12 02:00:00,15652.42,0.0031181597041901074,16405.14713093222
2021-04-12 03:00:00,15563.89,-0.046714125486336716,16415.318418617666
2021-04-12 04:00:00,15638.93,-0.038408744621248936,16459.79717671265
2021-04-12 05:00:00,16036.75,-0.038408744621248936,16885.532435108922
2021-04-12 06:00:00,16876.21,0.06125582575980486,17484.936887300286
2021-04-12 07:00:00,18503.68,0.26058496652191215,18718.11018513089
2021-04-12 08:00:00,19751.9,0.3602495369029659,20018.03150856881
2021-04-12 09:00:00,19908.34,0.4516087264189318,20746.10925925893
2021-04-12 10:00:00,19664.64,0.5512732967999855,21085.829687744234
2021-04-12 11:00:00,19591.96,0.5429679159348977,21052.928298275758
2021-04-12 12:00:00,19617.3,0.659243248046127,20704.860747634073
2021-04-12 13:00:00,19442.53,0.8502670079431467,20732.815081077202
2021-04-12 14:00:00,19062.48,0.8419616270780588,20423.21780889823
2021-04-12 15:00:00,18640.16,0.7589078184271807,19896.05961626488
2021-04-12 16:00:00,18534.05,0.6841593906413905,19669.684197067
2021-04-12 17:00:00,19103.74,0.5928002011254245,19921.87648830264
2021-04-12 18:00:00,19972.48,0.5512732967999855,19968.0472988907
2021-04-12 19:00:00,20034.2,0.4848302498792831,19663.819703634206
2021-04-12 20:00:00,20070.16,0.4183872029585805,19921.951992220147
2021-04-12 21:00:00,19757.74,0.31872263257752687,20004.222875313946
2021-04-12 22:00:00,18840.38,0.2688903473870001,18266.822172652268
2021-04-12 23:00:00,17646.64,0.15261501527577073,17535.84208994146
2021-04-13 00:00:00,16698.84,0.02803430229945359,16609.187426094228
2021-04-13 01:00:00,16176.32,-0.06332488721651235,16103.188435813518
2021-04-13 02:00:00,15937.49,-0.10485179154195139,16282.11921956723
2021-04-13 03:00:00,15942.54,-0.11315717240703917,16337.583223151754
2021-04-13 04:00:00,16123.92,-0.1297679341372148,16406.520784414406
2021-04-13 05:00:00,16425.69,-0.15468407673247822,17054.397834149437
2021-04-13 06:00:00,17260.33,-0.12146255327212702,18380.799799535613
2021-04-13 07:00:00,18909.08,0.06956120662489264,19777.70224055276
2021-04-13 08:00:00,19828.82,0.3602495369029659,20372.752668987217
2021-04-13 09:00:00,19722.76,0.3851656794982293,20778.742788782114
2021-04-13 10:00:00,19299.46,0.5097463924745465,20049.374783403262
2021-04-13 11:00:00,19006.14,0.5595786776650734,20078.095813561577
2021-04-13 12:00:00,18912.66,0.6675486289112149,20028.201422636317
2021-04-13 13:00:00,18610.37,0.7422970566970051,19668.20531656783
2021-04-13 14:00:00,18329.31,0.7838239610224441,19195.071170039355
2021-04-13 15:00:00,17916.03,0.8170454844827952,18609.18645368677
2021-04-13 16:00:00,17847.78,0.8502670079431467,18148.966372581344
2021-04-13 17:00:00,18284.64,0.8253508653478832,18422.977389120948
2021-04-13 18:00:00,18962.27,0.7339916758319172,18897.919708974867
2021-04-13 19:00:00,19089.18,0.6343271054508636,18998.009356309478
2021-04-13 20:00:00,19224.48,0.49313563074437083,19288.157537987925
2021-04-13 21:00:00,19462.28,0.43499796468875623,19365.591677264292
2021-04-13 22:00:00,18549.36,0.4183872029585805,18377.47351060431
2021-04-13 23:00:00,17447.87,0.2938064899822634,17207.48504251376
2021-04-14 00:00:00,16320.31,0.28550110911717563,15924.817768502005
2021-04-14 01:00:00,15958.0,0.19414191960120977,15470.59236962261
2021-04-14 02:00:00,15889.48,0.136004253545595,15235.89217087596
2021-04-14 03:00:00,15818.22,0.05295044489471693,15483.844550461328
2021-04-14 04:00:00,16087.72,0.011423540569277886,16065.447640447912
2021-04-14 05:00:00,16421.97,-0.030103363756161083,16234.500378344279
2021-04-14 06:00:00,17314.09,-0.07993564894668798,17591.23543645847
2021-04-14 07:00:00,18839.72,-0.07993564894668798,19651.80057992581
2021-04-14 08:00:00,20180.76,-0.030103363756161083,20566.71828059358
2021-04-14 09:00:00,20142.58,0.16922577700594627,20126.737058722534
2021-04-14 10:00:00,19742.96,0.3021118708473512,19965.820015885573
2021-04-14 11:00:00,19363.99,0.4183872029585805,19823.866129794067
2021-04-14 12:00:00,19419.79,0.5346625350698099,19852.755231441795
2021-04-14 13:00:00,19154.58,0.700770152371566,19562.71012681853
2021-04-14 14:00:00,18608.94,0.7339916758319172,19228.064584362284
2021-04-14 15:00:00,18129.1,0.750602437562093,18585.39208075952
2021-04-14 16:00:00,18122.56,0.709075533236654,18547.495498913562
2021-04-14 17:00:00,18582.45,0.7339916758319172,18747.00700137503
2021-04-14 18:00:00,19325.34,0.7256862949668296,19056.038041989006
2021-04-14 19:00:00,19375.05,0.5595786776650734,19277.890409498992
2021-04-14 20:00:00,19531.66,0.5512732967999855,19153.838673770428
2021-04-14 21:00:00,19541.3,0.41008182209349275,19528.437420643044
2021-04-14 22:00:00,18643.04,0.3353333943077024,19050.040390054655
2021-04-14 23:00:00,17552.52,0.12769887268050722,18994.916159926284
2021-04-15 00:00:00,16502.06,0.11939349181541946,17289.534933722873
2021-04-15 01:00:00,16062.5,0.02803430229945359,16443.19641489983
2021-04-15 02:00:00,15887.1,-0.021797982891073302,16137.096907829195
2021-04-15 03:00:00,15892.3,0.0031181597041901074,16114.610303607613
2021-04-15 04:00:00,16082.49,-0.013492602025985451,16267.250848723987
2021-04-15 05:00:00,16533.08,-0.06332488721651235,16374.59445308496
2021-04-15 06:00:00,17413.56,-0.038408744621248936,17106.394312326458
2021-04-15 07:00:00,18987.93,-0.11315717240703917,19316.157905317363
2021-04-15 08:00:00,20277.33,-0.13807331500230258,20444.99343387643
2021-04-15 09:00:00,20628.7,-0.19621098105791726,20899.8171764175
2021-04-15 10:00:00,20527.37,-0.2045163619230051,21128.38468765194
2021-04-15 11:00:00,20473.49,-0.10485179154195139,20823.34007431308
2021-04-15 12:00:00,20682.49,-0.021797982891073302,21099.446589465188
2021-04-15 13:00:00,20487.26,0.06125582575980486,21116.422836941034
2021-04-15 14:00:00,20074.47,0.1027827300852439,20817.59833239892
2021-04-15 15:00:00,19692.18,0.05295044489471693,20352.973386395177
2021-04-15 16:00:00,19697.78,-0.013492602025985451,20647.40337305306
2021-04-15 17:00:00,20302.4,0.0031181597041901074,20734.820510856774
2021-04-15 18:00:00,20959.05,-0.021797982891073302,21171.7998948024
2021-04-15 19:00:00,21101.13,-0.038408744621248936,21319.58311112778
2021-04-15 20:00:00,21189.68,-0.11315717240703917,21611.962723563156
2021-04-15 21:00:00,20806.3,-0.13807331500230258,21415.44524795755
2021-04-15 22:00:00,19962.18,-0.15468407673247822,20369.388793541613
2021-04-15 23:00:00,18813.57,-0.17960021932774162,19320.39211390226
2021-04-16 00:00:00,17912.73,-0.18790560019282948,18315.507744834445
2021-04-16 01:00:00,17365.75,-0.2377378853833563,17996.893716974122
2021-04-16 02:00:00,17131.59,-0.24604326624844414,17678.62938685335
2021-04-16 03:00:00,17128.19,-0.24604326624844414,17821.706484747683
2021-04-16 04:00:00,17143.03,-0.25434864711353194,18392.056580525357
2021-04-16 05:00:00,17532.36,-0.2626540279786197,18540.41109697465
2021-04-16 06:00:00,18448.03,-0.2792647897087953,19674.573815271866
2021-04-16 07:00:00,20116.8,-0.30418093230405874,21629.618144221047
2021-04-16 08:00:00,21545.5,-0.2626540279786197,22349.58267926899
2021-04-16 09:00:00,21973.3,-0.22112712365318066,22585.835023008007
2021-04-16 10:00:00,21913.76,-0.22112712365318066,22571.995586477362
2021-04-16 11:00:00,21760.94,-0.25434864711353194,22995.06158484589
2021-04-16 12:00:00,21686.69,-0.27095940884370756,23184.698307985895
2021-04-16 13:00:00,21530.58,-0.10485179154195139,22847.82965298136
2021-04-16 14:00:00,20854.87,-0.038408744621248936,21938.859325598212
2021-04-16 15:00:00,20428.65,-0.055019506351424496,21304.419087919076
2021-04-16 16:00:00,20338.44,-0.19621098105791726,21193.745102296423
2021-04-16 17:00:00,20892.7,-0.18790560019282948,21259.449651449217
2021-04-16 18:00:00,21667.56,-0.30418093230405874,21798.010201894678
2021-04-16 19:00:00,21939.52,-0.30418093230405874,21940.67857904205
2021-04-16 20:00:00,21945.43,-0.33740245576441,21942.53463374524
2021-04-16 21:00:00,21493.27,-0.32079169403423435,21521.1703046218
2021-04-16 22:00:00,20724.97,-0.3124863131691466,20397.321525673335
2021-04-16 23:00:00,19685.09,-0.3290970748993222,19445.257388964354
2021-04-17 00:00:00,18761.69,-0.3290970748993222,18299.10515240554
2021-04-17 01:00:00,18229.11,-0.3124863131691466,17396.555861539393
2021-04-17 02:00:00,17968.32,-0.2792647897087953,17253.448813752304
2021-04-17 03:00:00,17980.07,-0.27095940884370756,17688.119985858397
2021-04-17 04:00:00,18092.99,-0.295875551438971,18043.357312902437
2021-04-17 05:00:00,18388.07,-0.3457078366294978,18215.748248256416
2021-04-17 06:00:00,18687.98,-0.35401321749458564,19030.43015758196
2021-04-17 07:00:00,19697.08,-0.3124863131691466,19871.077513270167
2021-04-17 08:00:00,20419.55,-0.27095940884370756,20565.15008389563
2021-04-17 09:00:00,21079.5,-0.22112712365318066,21374.014339673184
2021-04-17 10:00:00,21408.36,-0.055019506351424496,21720.302364369833
2021-04-17 11:00:00,21106.14,-0.08824102981177576,22113.385806214734
2021-04-17 12:00:00,20753.74,0.02803430229945359,22172.434104706317
2021-04-17 13:00:00,20358.48,0.09447734922015597,21950.62181720551
2021-04-17 14:00:00,19852.86,0.07786658748998042,21114.50291682326
2021-04-17 15:00:00,19499.85,0.11939349181541946,20338.753650566272
2021-04-17 16:00:00,18979.71,0.07786658748998042,19910.19262935241
2021-04-17 17:00:00,19179.8,0.1027827300852439,20063.807080173145
2021-04-17 18:00:00,19864.93,-0.021797982891073302,20696.675419774056
2021-04-17 19:00:00,20206.32,-0.055019506351424496,20622.10908054602
2021-04-17 20:00:00,20313.3,-0.14637869586739044,20670.66172647223
2021-04-17 21:00:00,20335.3,-0.14637869586739044,20559.687932264635
2021-04-17 22:00:00,19776.45,-0.1297679341372148,19985.34606750902
2021-04-17 23:00:00,18976.89,-0.22112712365318066,19231.757966338526
2021-04-18 00:00:00,18201.56,-0.2045163619230051,18396.495504978488
2021-04-18 01:00:00,17680.08,-0.2045163619230051,17308.925247944004
2021-04-18 02:00:00,17434.14,-0.19621098105791726,17102.600512234105
2021-04-18 03:00:00,17362.99,-0.18790560019282948,17132.880698206198
2021-04-18 04:00:00,17451.41,-0.22112712365318066,17363.085531255798
2021-04-18 05:00:00,17780.71,-0.25434864711353194,17636.245175658572
2021-04-18 06:00:00,18058.09,-0.22943250451826852,17881.106370638638
2021-04-18 07:00:00,18818.85,-0.12146255327212702,18593.83837527489
2021-04-18 08:00:00,19457.95,-0.08824102981177576,19431.328362040476
2021-04-18 09:00:00,19982.57,-0.038408744621248936,20219.489852594706
2021-04-18 10:00:00,20475.13,0.04464506402962915,20697.2153915989
2021-04-18 11:00:00,20304.03,0.1027827300852439,20707.779867916917
2021-04-18 12:00:00,19989.32,0.185836538736122,20795.87142677995
2021-04-18 13:00:00,19606.32,0.2439742047917366,20635.25529178834
2021-04-18 14:00:00,18913.78,0.3104172517124391,19919.892479836726
2021-04-18 15:00:00,18263.37,0.43499796468875623,19028.273668171332
2021-04-18 16:00:00,18226.05,0.4266925838236683,17968.076996291984
2021-04-18 17:00:00,18603.79,0.401776441228405,18230.99355185033
2021-04-18 18:00:00,19121.2,0.3353333943077024,19000.168586618965
2021-04-18 19:00:00,19446.76,0.17753115787103405,19987.76412507106
2021-04-18 20:00:00,19730.58,0.12769887268050722,20164.011361184737
2021-04-18 21:00:00,19546.87,0.07786658748998042,19808.399126982476
2021-04-18 22:00:00,18801.02,0.19414191960120977,18645.094479215382
2021-04-18 23:00:00,17906.52,0.136004253545595,17701.504360194773
2021-04-19 00:00:00,17083.8,0.0861719683550682,17042.019792656236
2021-04-19 01:00:00,16677.88,0.02803430229945359,16861.576203713983
2021-04-19 02:00:00,16431.37,0.02803430229945359,16450.024788848204
2021-04-19 03:00:00,16626.56,0.02803430229945359,16495.869410369785
2021-04-19 04:00:00,16705.03,-0.013492602025985451,16592.563927109106
2021-04-19 05:00:00,17214.94,0.019728921434365814,16731.246942711536
2021-04-19 06:00:00,18140.46,0.03633968316454137,17202.72345134554
2021-04-19 07:00:00,19747.1,0.06956120662489264,18812.655699025552
2021-04-19 08:00:00,20965.61,0.136004253545595,20138.87805188073
2021-04-19 09:00:00,20936.43,0.22736344306156103,20394.714749701267
2021-04-19 10:00:00,20503.58,0.401776441228405,20613.625227399967
2021-04-19 11:00:00,20082.53,0.4765248690141953,20313.60821904668
2021-04-19 12:00:00,19793.88,0.5512732967999855,20253.566687233604
2021-04-19 13:00:00,19449.01,0.6426324863159515,19850.563641202625
2021-04-19 14:00:00,19094.02,0.6260217245857758,19399.448186568312
2021-04-19 15:00:00,18839.98,0.6758540097763026,18708.93703797226
2021-04-19 16:00:00,18786.44,0.7339916758319172,17771.8887871795
2021-04-19 17:00:00,19092.05,0.7422970566970051,18104.824925311947
2021-04-19 18:00:00,19618.96,0.6343271054508636,18739.67602649126
2021-04-19 19:00:00,19694.92,0.43499796468875623,18867.909299790295
2021-04-19 20:00:00,19784.25,0.31872263257752687,19110.4947111837
2021-04-19 21:00:00,19752.18,0.21905806219647309,19231.190796640756
2021-04-19 22:00:00,18813.1,0.20244730046629755,19020.909349126305
2021-04-19 23:00:00,17898.69,0.2356688239266488,17575.743516587983
2021-04-20 00:00:00,16923.44,0.11939349181541946,17004.653622608246
2021-04-20 01:00:00,16505.15,0.09447734922015597,16391.407748216396
2021-04-20 02:00:00,16440.37,0.15261501527577073,15992.817030518108
2021-04-20 03:00:00,16524.91,0.185836538736122,15886.647769200577
2021-04-20 04:00:00,16584.07,0.2938064899822634,15267.575579588482
2021-04-20 05:00:00,16954.52,0.19414191960120977,16110.126189552557
2021-04-20 06:00:00,17784.99,0.19414191960120977,16897.80581957625
2021-04-20 07:00:00,19517.66,0.0031181597041901074,19230.64064289677
2021-04-20 08:00:00,20960.25,-0.10485179154195139,20961.658441442854
2021-04-20 09:00:00,21587.2,-0.1297679341372148,21310.88852318416
2021-04-20 10:00:00,21406.73,0.02803430229945359,20829.825888297397
2021-04-20 11:00:00,21167.1,-0.013492602025985451,20902.57680610413
2021-04-20 12:00:00,21224.1,0.14430963441068295,20748.14224909885
2021-04-20 13:00:00,20968.04,0.21905806219647309,20536.77989014149
2021-04-20 14:00:00,20577.27,0.14430963441068295,20102.45673491587
2021-04-20 15:00:00,20171.29,0.15261501527577073,19959.069347284145
2021-04-20 16:00:00,20079.09,0.11108811095033168,20403.243187047643
2021-04-20 17:00:00,20604.39,0.02803430229945359,20966.06739063065
2021-04-20 18:00:00,21393.91,-0.046714125486336716,21233.685871025922
2021-04-20 19:00:00,21805.75,-0.14637869586739044,21029.496991569766
2021-04-20 20:00:00,22144.5,-0.18790560019282948,20992.035278212126
2021-04-20 21:00:00,21990.13,-0.2045163619230051,21049.347219613563
2021-04-20 22:00:00,21225.0,-0.2875701705738832,20335.40680999518
2021-04-20 23:00:00,20186.31,-0.3290970748993222,19952.677755705783
2021-04-21 00:00:00,19292.78,-0.35401321749458564,18944.763358884426
2021-04-21 01:00:00,18988.58,-0.37062397922476126,18169.210036618333
2021-04-21 02:00:00,18847.53,-0.4038455026851125,18370.47809730882
2021-04-21 03:00:00,18816.53,-0.4121508835502003,18600.226250108302
2021-04-21 04:00:00,19012.12,-0.5118154539312539,19111.97397851052
2021-04-21 05:00:00,19536.9,-0.6197854051773956,19793.107466245918
2021-04-21 06:00:00,20567.61,-0.5782585008519565,20596.365815397676
2021-04-21 07:00:00,22466.97,-0.6280907860424834,22610.26896144889
2021-04-21 08:00:00,24024.51,-0.769282260748976,24011.04521951043
2021-04-21 09:00:00,24333.72,-0.7360607372886249,24057.1044830872
2021-04-21 10:00:00,24002.39,-0.7360607372886249,23480.705962083903
2021-04-21 11:00:00,23974.55,-0.769282260748976,22701.718363286654
2021-04-21 12:00:00,23965.04,-0.7941984033442395,22757.42204329845
2021-04-21 13:00:00,24029.45,-0.8025037842093272,23147.895076662582
2021-04-21 14:00:00,23892.21,-0.7609768798838882,22457.679415153365
2021-04-21 15:00:00,23350.85,-0.7360607372886249,22150.636709746752
2021-04-21 16:00:00,23571.39,-0.7111445946933614,21974.43164380941
2021-04-21 17:00:00,24288.86,-0.6696176903679224,22368.46974870555
2021-04-21 18:00:00,25027.93,-0.6696176903679224,22935.9026043088
2021-04-21 19:00:00,25129.55,-0.6945338329631858,23644.095106325338
2021-04-21 20:00:00,25254.6,-0.6945338329631858,24159.88885161578
2021-04-21 21:00:00,25057.68,-0.6530069286377467,23853.286393654686
2021-04-21 22:00:00,24173.04,-0.7194499755584491,23160.244633387396
2021-04-21 23:00:00,23136.53,-0.7360607372886249,22125.24652316973
2021-04-22 00:00:00,22332.24,-0.7526714990188005,21337.711991358185
2021-04-22 01:00:00,22054.43,-0.7526714990188005,21015.001467427322
2021-04-22 02:00:00,21961.58,-0.819114545939503,21144.489836022716
2021-04-22 03:00:00,21984.84,-0.8440306885347663,21674.521244161824
2021-04-22 04:00:00,22163.18,-0.9021683545903809,22242.791970361992
2021-04-22 05:00:00,22612.43,-0.9021683545903809,22479.46624674951
2021-04-22 06:00:00,23634.48,-0.8938629737252932,23433.53963499496
2021-04-22 07:00:00,25127.53,-0.8606414502649419,24449.487090758128
2021-04-22 08:00:00,26247.51,-0.8606414502649419,25205.523205872658
2021-04-22 09:00:00,25997.5,-0.8357253076696786,25301.257608541415
2021-04-22 10:00:00,25407.66,-0.7194499755584491,24820.354305943907
2021-04-22 11:00:00,24695.54,-0.7028392138282736,24403.853931605994
2021-04-22 12:00:00,24581.01,-0.6696176903679224,24065.921258280454
2021-04-22 13:00:00,24336.22,-0.5699531199868686,23647.421380875436
2021-04-22 14:00:00,24312.12,-0.4952046922010784,22948.876944822896
2021-04-22 15:00:00,23693.47,-0.4121508835502003,22615.993877723773
2021-04-22 16:00:00,23752.88,-0.3872347409549368,22324.052466962457
2021-04-22 17:00:00,24276.28,-0.33740245576441,22813.738470907694
2021-04-22 18:00:00,24891.52,-0.3124863131691466,23799.584608621095
2021-04-22 19:00:00,24820.42,-0.36231859835967345,23867.00733013234
2021-04-22 20:00:00,24803.59,-0.37892936008984907,24379.006240241037
2021-04-22 21:00:00,24773.97,-0.35401321749458564,24129.769416870822
2021-04-22 22:00:00,23836.39,-0.3290970748993222,23285.938998500173
2021-04-22 23:00:00,22846.19,-0.35401321749458564,21776.009803233006
2021-04-23 00:00:00,21873.4,-0.37892936008984907,21462.253573105714
2021-04-23 01:00:00,21378.1,-0.37892936008984907,20559.812413365864
2021-04-23 02:00:00,21084.18,-0.4952046922010784,20552.550146429036
2021-04-23 03:00:00,21134.74,-0.5201208347963419,20476.018970512643
2021-04-23 04:00:00,21156.48,-0.5616477391217809,20552.470639264586
2021-04-23 05:00:00,21557.34,-0.5201208347963419,20840.9859185816
2021-04-23 06:00:00,22338.39,-0.4370670261454637,21467.41806774403
2021-04-23 07:00:00,23710.47,-0.32079169403423435,22366.81814494829
2021-04-23 08:00:00,24034.08,-0.17129483846265384,23159.74865451333
2021-04-23 09:00:00,23529.47,-0.055019506351424496,22779.40969368501
2021-04-23 10:00:00,22872.77,0.05295044489471693,22273.52098845471
2021-04-23 11:00:00,22345.07,0.26058496652191215,21328.81435122808
2021-04-23 12:00:00,21772.04,0.34363877517279023,20989.329013988903
2021-04-23 13:00:00,21318.53,0.43499796468875623,20342.032508296306
2021-04-23 14:00:00,20579.38,0.5097463924745465,19688.075805833043
2021-04-23 15:00:00,19937.95,0.5346625350698099,19223.64057270723
2021-04-23 16:00:00,19547.4,0.5761894393952489,19211.50703962828
2021-04-23 17:00:00,19523.58,0.5678840585301611,19899.561553198237
2021-04-23 18:00:00,19789.4,0.5180517733396344,20959.687360249216
2021-04-23 19:00:00,19959.82,0.4266925838236683,21348.62999920516
2021-04-23 20:00:00,20062.37,0.3021118708473512,21427.65351055724
2021-04-23 21:00:00,20280.89,0.185836538736122,21613.918020671736
2021-04-23 22:00:00,19617.37,0.15261501527577073,20955.213413255104
2021-04-23 23:00:00,18825.22,0.09447734922015597,19346.146287010666
2021-04-24 00:00:00,17928.35,0.09447734922015597,18610.969117335815
2021-04-24 01:00:00,17365.9,0.05295044489471693,18322.94233706677
2021-04-24 02:00:00,17100.68,0.0031181597041901074,17510.562943292898
2021-04-24 03:00:00,17137.57,-0.005187221160897672,17302.384995262968
2021-04-24 04:00:00,17299.43,-0.046714125486336716,17048.970827149824
2021-04-24 05:00:00,17568.3,-0.038408744621248936,17317.376668656478
2021-04-24 06:00:00,18054.97,0.019728921434365814,17661.425848545856
2021-04-24 07:00:00,18632.63,0.14430963441068295,17998.329461804155
2021-04-24 08:00:00,18902.56,0.3021118708473512,18840.72122180869
2021-04-24 09:00:00,19293.02,0.3602495369029659,19448.34649698997
2021-04-24 10:00:00,19372.39,0.4599141072840196,19626.9764195463
2021-04-24 11:00:00,19069.09,0.6924647715064781,19288.540482792956
2021-04-24 12:00:00,18860.47,0.8585723888082343,19215.43417839703
2021-04-24 13:00:00,18390.2,0.9084046739987612,18499.887362643007
2021-04-24 14:00:00,17784.99,1.0163746252449029,17845.163052947802
2021-04-24 15:00:00,17332.78,0.9582369591892882,17405.34678643432
2021-04-24 16:00:00,17219.8,0.9084046739987612,18441.440060514677
2021-04-24 17:00:00,17445.85,0.8419616270780588,18907.313709006852
2021-04-24 18:00:00,18074.35,0.7173809141017417,19560.01920035377
2021-04-24 19:00:00,18227.12,0.5263571542047221,19880.430860493532
2021-04-24 20:00:00,18380.15,0.4765248690141953,19539.835310676124
2021-04-24 21:00:00,18419.49,0.41008182209349275,19121.33705622882
2021-04-24 22:00:00,17782.18,0.28550110911717563,18757.869316775654
2021-04-24 23:00:00,17019.29,0.19414191960120977,17816.87453230292
2021-04-25 00:00:00,16262.57,0.0861719683550682,17186.69236546361
2021-04-25 01:00:00,15844.24,0.019728921434365814,17143.22713197592
2021-04-25 02:00:00,15708.85,-0.030103363756161083,16674.566229509663
2021-04-25 03:00:00,15632.56,-0.021797982891073302,16334.162093239242
2021-04-25 04:00:00,15761.67,-0.030103363756161083,16312.923920402944
2021-04-25 05:00:00,16085.91,-0.005187221160897672,16325.819966093293
2021-04-25 06:00:00,16535.6,0.05295044489471693,16689.53205955561
2021-04-25 07:00:00,16950.39,0.185836538736122,17519.7312195551
2021-04-25 08:00:00,17830.58,0.3104172517124391,18227.228553522575
2021-04-25 09:00:00,18320.04,0.5429679159348977,18516.40327819988
2021-04-25 10:00:00,18723.61,0.6675486289112149,18890.047149758466
2021-04-25 11:00:00,18959.71,0.6758540097763026,18904.85779303383
2021-04-25 12:00:00,19078.32,0.6011055819905124,19213.695984780257
2021-04-25 13:00:00,19096.48,0.37686029863314147,19869.572228653393
2021-04-25 14:00:00,18692.59,0.2688903473870001,19819.222970679002
2021-04-25 15:00:00,18484.39,0.22736344306156103,19501.02867545179
2021-04-25 16:00:00,18606.7,0.25227958565682435,19230.129067520218
2021-04-25 17:00:00,19296.21,0.19414191960120977,19646.24919419398
2021-04-25 18:00:00,20040.53,0.22736344306156103,20038.42682956553
2021-04-25 19:00:00,20087.3,0.09447734922015597,19935.91640261744
2021-04-25 20:00:00,19959.87,0.0031181597041901074,20165.435205986756
2021-04-25 21:00:00,19526.14,-0.08824102981177576,20110.537514829382
2021-04-25 22:00:00,18893.8,-0.3124863131691466,19232.399873203358
2021-04-25 23:00:00,18177.18,-0.4121508835502003,18907.00510084273
2021-04-26 00:00:00,17652.62,-0.5035100730661661,17728.571987397805
2021-04-26 01:00:00,17484.31,-0.553342358256693,17778.212817053733
2021-04-26 02:00:00,17558.91,-0.594869262582132,17782.00080245897
2021-04-26 03:00:00,17801.39,-0.6363961669075711,18101.327801751697
2021-04-26 04:00:00,18262.73,-0.6613123095028346,19023.46505170086
2021-04-26 05:00:00,18924.28,-0.6696176903679224,19838.907716655707
2021-04-26 06:00:00,20022.5,-0.6530069286377467,20947.766799642162
2021-04-26 07:00:00,22130.97,-0.644701547772659,22486.236256096745
2021-04-26 08:00:00,23842.5,-0.6197854051773956,23570.035922294086
2021-04-26 09:00:00,24359.82,-0.5367315965265175,23464.05710255275
2021-04-26 10:00:00,23838.22,-0.45367778787563934,23325.385015929107
2021-04-26 11:00:00,23485.43,-0.35401321749458564,22995.71453713344
2021-04-26 12:00:00,23276.51,-0.27095940884370756,22748.53605998189
2021-04-26 13:00:00,22942.02,-0.2045163619230051,22620.103856711426
2021-04-26 14:00:00,22482.92,-0.07163026808160013,22060.059616655388
2021-04-26 15:00:00,21931.07,-0.07993564894668798,21562.6748217485
2021-04-26 16:00:00,21739.07,0.06956120662489264,20436.00426464112
2021-04-26 17:00:00,22043.98,0.14430963441068295,20641.77311953786
2021-04-26 18:00:00,22444.01,0.136004253545595,21240.570585482164
2021-04-26 19:00:00,22165.23,0.05295044489471693,21237.24193674722
2021-04-26 20:00:00,22101.16,-0.10485179154195139,21616.933818454538
2021-04-26 21:00:00,22172.31,-0.14637869586739044,21268.35197510714
2021-04-26 22:00:00,21539.34,-0.17129483846265384,19950.023939770115
2021-04-26 23:00:00,20515.69,-0.21282174278809288,19798.27938354
2021-04-27 00:00:00,19649.15,-0.37892936008984907,19701.60747881573
2021-04-27 01:00:00,19161.95,-0.46198316874072715,19777.390509201457
2021-04-27 02:00:00,19102.51,-0.4370670261454637,19434.565646165465
2021-04-27 03:00:00,19223.81,-0.44537240701055153,19180.928930301725
2021-04-27 04:00:00,19417.15,-0.5699531199868686,19975.86308392114
2021-04-27 05:00:00,19847.63,-0.5367315965265175,20307.49961618557
2021-04-27 06:00:00,20816.85,-0.3872347409549368,21197.41919955966
2021-04-27 07:00:00,22155.92,-0.19621098105791726,21795.21986371456
2021-04-27 08:00:00,22699.13,-0.08824102981177576,22749.600577684767
2021-04-27 09:00:00,22092.36,-0.005187221160897672,22788.15151170337
2021-04-27 10:00:00,21421.82,0.1027827300852439,22081.465295970367
2021-04-27 11:00:00,21009.3,0.2439742047917366,21762.775235815334
2021-04-27 12:00:00,20700.32,0.3104172517124391,21525.398090621147
2021-04-27 13:00:00,20337.54,0.46821948814910735,20806.597211522585
2021-04-27 14:00:00,19732.42,0.5263571542047221,20312.019778824262
2021-04-27 15:00:00,19116.05,0.5928002011254245,20004.271012568213
2021-04-27 16:00:00,18886.58,0.6343271054508636,19878.444455731547
2021-04-27 17:00:00,19092.9,0.6094109628556001,20321.446172162618
2021-04-27 18:00:00,19500.33,0.49313563074437083,21080.215363126346
2021-04-27 19:00:00,19615.97,0.3851656794982293,20994.895208366797
2021-04-27 20:00:00,19776.39,0.3270280134426147,20574.76691671232
2021-04-27 21:00:00,20032.69,0.31872263257752687,20241.708956325056
2021-04-27 22:00:00,19296.3,0.2439742047917366,19732.603154328943
2021-04-27 23:00:00,18182.38,0.17753115787103405,18626.141769807677
2021-04-28 00:00:00,17183.27,0.2439742047917366,17151.824064974393
2021-04-28 01:00:00,16608.59,0.21075268133138533,16406.191676319242
2021-04-28 02:00:00,16554.76,0.136004253545595,16515.489072780794
2021-04-28 03:00:00,16472.43,0.11939349181541946,16488.08434164443
2021-04-28 04:00:00,16557.89,0.0861719683550682,16289.662747680133
2021-04-28 05:00:00,16969.57,0.02803430229945359,16788.513461323728
2021-04-28 06:00:00,17846.63,0.15261501527577073,17575.93461351855
2021-04-28 07:00:00,19290.28,0.3602495369029659,18948.590459348423
2021-04-28 08:00:00,20043.38,0.401776441228405,20210.69297730236
2021-04-28 09:00:00,19937.95,0.617716343720688,19899.132423094114
2021-04-28 10:00:00,19569.12,0.709075533236654,19449.80675770695
2021-04-28 11:00:00,19174.03,0.7339916758319172,19188.071148712246
2021-04-28 12:00:00,19121.83,0.7755185801573562,19046.0359105693
2021-04-28 13:00:00,19056.13,0.700770152371566,19402.333117219412
2021-04-28 14:00:00,18889.37,0.5595786776650734,19408.357125578103
2021-04-28 15:00:00,18570.77,0.37686029863314147,19165.6522001025
2021-04-28 16:00:00,18653.77,0.28550110911717563,19431.040602946505
2021-04-28 17:00:00,19332.17,0.22736344306156103,20009.91901059544
2021-04-28 18:00:00,20223.03,0.21075268133138533,20258.189252805987
2021-04-28 19:00:00,20330.39,0.21905806219647309,19848.560982480903
2021-04-28 20:00:00,20114.35,0.21075268133138533,19716.13303866224
2021-04-28 21:00:00,19750.41,0.22736344306156103,19650.602877622576
2021-04-28 22:00:00,18892.6,0.185836538736122,18830.995795529107
2021-04-28 23:00:00,17753.19,0.15261501527577073,17497.68970958811
2021-04-29 00:00:00,16776.14,0.16092039614085848,16368.381900587361
2021-04-29 01:00:00,16317.16,0.136004253545595,15668.561712640805
2021-04-29 02:00:00,16093.14,0.15261501527577073,15675.5387339514
2021-04-29 03:00:00,16087.85,0.11939349181541946,15749.899034353304
2021-04-29 04:00:00,16016.0,0.136004253545595,15845.928272758194
2021-04-29 05:00:00,16372.65,0.1027827300852439,16436.4620811863
2021-04-29 06:00:00,17150.27,0.15261501527577073,17778.39334050978
2021-04-29 07:00:00,18558.33,0.28550110911717563,19565.884001091217
2021-04-29 08:00:00,19810.54,0.43499796468875623,20331.66263547537
2021-04-29 09:00:00,19785.52,0.5346625350698099,20306.188729567726
2021-04-29 10:00:00,19319.4,0.6094109628556001,19974.664231652543
2021-04-29 11:00:00,18982.15,0.6675486289112149,19652.038126024927
2021-04-29 12:00:00,18860.62,0.7589078184271807,19415.052068639292
2021-04-29 13:00:00,18766.02,0.7589078184271807,19314.66422773659
2021-04-29 14:00:00,18402.76,0.8004347227526197,18884.15072916812
2021-04-29 15:00:00,18131.08,0.7589078184271807,18424.815858914724
2021-04-29 16:00:00,18066.93,0.7339916758319172,18390.4299600111
2021-04-29 17:00:00,18398.05,0.6841593906413905,18688.30127765005
2021-04-29 18:00:00,19135.31,0.6426324863159515,19381.950025102622
2021-04-29 19:00:00,19298.36,0.5844948202603367,19170.14374171394
2021-04-29 20:00:00,19362.96,0.5678840585301611,18813.73226404766
2021-04-29 21:00:00,19218.26,0.5180517733396344,18953.94965547621
2021-04-29 22:00:00,18393.93,0.5097463924745465,18064.44632269762
2021-04-29 23:00:00,17288.05,0.43499796468875623,16901.311332391022
2021-04-30 00:00:00,16197.66,0.3934710603633172,16122.393386672726
2021-04-30 01:00:00,15473.72,0.35194415603787815,15602.738958323745
2021-04-30 02:00:00,15396.01,0.3104172517124391,15626.295460830665
2021-04-30 03:00:00,15234.01,0.26058496652191215,15665.967445009472
2021-04-30 04:00:00,15311.59,0.12769887268050722,15878.715608697068
2021-04-30 05:00:00,15642.24,0.03633968316454137,16346.232888936642
2021-04-30 06:00:00,16452.65,0.04464506402962915,17320.654163573126
2021-04-30 07:00:00,18033.94,0.04464506402962915,19079.966722991707
2021-04-30 08:00:00,19556.0,0.0861719683550682,20209.16596721807
2021-04-30 09:00:00,20317.15,0.14430963441068295,20537.65365545841
2021-04-30 10:00:00,20415.78,0.16092039614085848,20320.68014266487
2021-04-30 11:00:00,20493.42,0.19414191960120977,20229.6368274402
2021-04-30 12:00:00,20571.14,0.21905806219647309,20253.277318530203
2021-04-30 13:00:00,20321.43,0.2771957282520878,20155.78921276797
2021-04-30 14:00:00,19819.23,0.2938064899822634,19695.07405435911
2021-04-30 15:00:00,19511.06,0.2688903473870001,19230.039288893986
2021-04-30 16:00:00,19412.64,0.25227958565682435,19337.699914353365
2021-04-30 17:00:00,19807.97,0.011423540569277886,20083.43190841105
2021-04-30 18:00:00,20509.81,-0.25434864711353194,21148.27650461889
2021-04-30 19:00:00,20662.47,-0.3290970748993222,21701.95848028697
2021-04-30 20:00:00,20745.04,-0.37062397922476126,21683.22546627343
2021-04-30 21:00:00,20453.67,-0.3872347409549368,21904.67481632415
2021-04-30 22:00:00,19819.25,-0.36231859835967345,21190.663187196562
2021-04-30 23:00:00,19002.17,-0.3124863131691466,19777.631892611964
2021-05-01 00:00:00,18116.47,-0.21282174278809288,18400.57264834607
2021-05-01 01:00:00,17557.86,-0.2377378853833563,17716.509503229285
2021-05-01 02:00:00,17361.92,-0.3290970748993222,17758.037576067905
2021-05-01 03:00:00,17297.87,-0.36231859835967345,17752.547406595913
2021-05-01 04:00:00,17528.98,-0.3955401218200247,17697.74308209175
2021-05-01 05:00:00,17783.91,-0.4702885496058149,17923.8841536328
2021-05-01 06:00:00,18427.58,-0.5118154539312539,18669.527902862334
2021-05-01 07:00:00,19283.08,-0.4121508835502003,19612.5123082407
2021-05-01 08:00:00,19865.38,-0.35401321749458564,20734.305667950044
2021-05-01 09:00:00,20134.71,-0.27095940884370756,21479.02706386722
2021-05-01 10:00:00,20394.71,-0.2045163619230051,21731.973651960463
2021-05-01 11:00:00,20320.19,-0.11315717240703917,21470.592329157327
2021-05-01 12:00:00,20122.22,-0.038408744621248936,21203.08354820056
2021-05-01 13:00:00,19718.3,0.09447734922015597,20655.35784580256
2021-05-01 14:00:00,19239.34,0.136004253545595,19877.189974894965
2021-05-01 15:00:00,18662.39,0.05295044489471693,19351.509419992297
2021-05-01 16:00:00,18363.68,0.11939349181541946,19131.2221325269
2021-05-01 17:00:00,18675.12,0.16922577700594627,19181.469808358463
2021-05-01 18:00:00,19119.48,0.06125582575980486,19681.028474490926
2021-05-01 19:00:00,19420.26,0.06125582575980486,20009.173720302344
2021-05-01 20:00:00,19814.4,0.019728921434365814,20089.205591593807
2021-05-01 21:00:00,19980.49,-0.21282174278809288,20158.059674646745
2021-05-01 22:00:00,19467.97,-0.2792647897087953,20010.329300163427
2021-05-01 23:00:00,18878.99,-0.33740245576441,19753.553289976782
2021-05-02 00:00:00,18267.9,-0.2626540279786197,18807.107829881836
2021-05-02 01:00:00,17787.11,-0.25434864711353194,18222.85552626679
2021-05-02 02:00:00,17551.06,-0.27095940884370756,17760.1473424229
2021-05-02 03:00:00,17428.74,-0.24604326624844414,17387.322673849412
2021-05-02 04:00:00,17390.49,-0.22943250451826852,17298.138722057844
2021-05-02 05:00:00,17477.25,-0.295875551438971,17549.074335724705
2021-05-02 06:00:00,17853.62,-0.19621098105791726,17951.68383415141
2021-05-02 07:00:00,18481.19,-0.12146255327212702,18740.626142078865
2021-05-02 08:00:00,18940.17,-0.013492602025985451,19006.98797089691
2021-05-02 09:00:00,19580.64,0.09447734922015597,19446.27536250509
2021-05-02 10:00:00,19699.19,0.26058496652191215,19739.541187075232
2021-05-02 11:00:00,19727.61,0.3851656794982293,19741.44542643133
2021-05-02 12:00:00,19646.63,0.4599141072840196,20002.92445189731
2021-05-02 13:00:00,19260.61,0.46821948814910735,19513.07374081109
2021-05-02 14:00:00,18540.48,0.617716343720688,18745.79666565102
2021-05-02 15:00:00,17836.38,0.6343271054508636,18034.925126920094
2021-05-02 16:00:00,17576.78,0.6426324863159515,17441.679401404686
2021-05-02 17:00:00,17891.24,0.6343271054508636,17624.345403274987
2021-05-02 18:00:00,18439.95,0.5761894393952489,18164.776913726986
2021-05-02 19:00:00,18804.53,0.4266925838236683,18280.207551928343
2021-05-02 20:00:00,18977.0,0.28550110911717563,18820.28520042763
2021-05-02 21:00:00,19010.79,0.3021118708473512,17992.62346223576
2021-05-02 22:00:00,18457.68,0.22736344306156103,17776.199632504737
2021-05-02 23:00:00,17547.56,0.22736344306156103,16970.378809427766
2021-05-03 00:00:00,16687.08,0.185836538736122,16386.103074782597
2021-05-03 01:00:00,16402.83,0.06125582575980486,16207.284705280641
2021-05-03 02:00:00,16384.16,-0.046714125486336716,16203.744045172185
2021-05-03 03:00:00,16572.73,-0.17129483846265384,16536.45535813977
2021-05-03 04:00:00,16920.32,-0.19621098105791726,16732.885864743486
2021-05-03 05:00:00,17448.84,-0.24604326624844414,16759.02159593866
2021-05-03 06:00:00,18271.86,-0.25434864711353194,17684.885775558785
2021-05-03 07:00:00,19800.51,-0.2045163619230051,19460.869775812876
2021-05-03 08:00:00,20986.15,-0.08824102981177576,20294.863815139593
2021-05-03 09:00:00,21065.77,-0.10485179154195139,20900.87643187527
2021-05-03 10:00:00,20689.95,-0.038408744621248936,21159.302612811167
2021-05-03 11:00:00,20598.9,0.019728921434365814,21153.49571576074
2021-05-03 12:00:00,20505.88,0.011423540569277886,21101.14533141817
2021-05-03 13:00:00,20258.23,0.04464506402962915,20887.65217586075
2021-05-03 14:00:00,19884.44,0.04464506402962915,20541.998127007315
2021-05-03 15:00:00,19547.95,0.06956120662489264,19881.88441508434
2021-05-03 16:00:00,19619.57,0.03633968316454137,20378.963816617565
2021-05-03 17:00:00,20302.44,0.019728921434365814,20848.98647934234
2021-05-03 18:00:00,20964.32,0.03633968316454137,21246.898771321004
2021-05-03 19:00:00,20990.49,0.03633968316454137,20833.39625428428
2021-05-03 20:00:00,20947.26,0.06125582575980486,20576.559056350186
2021-05-03 21:00:00,20496.84,0.04464506402962915,20642.568005646972
2021-05-03 22:00:00,19609.09,0.06125582575980486,19824.34966516711
2021-05-03 23:00:00,18545.82,0.06956120662489264,18662.90754436909
2021-05-04 00:00:00,17583.44,0.09447734922015597,17826.63255489267
2021-05-04 01:00:00,17015.98,0.1027827300852439,17109.346303959075
2021-05-04 02:00:00,16896.75,0.11108811095033168,16927.87470391788
2021-05-04 03:00:00,16802.58,0.11108811095033168,16887.08308943049
2021-05-04 04:00:00,16842.99,0.1027827300852439,17133.45316073902
2021-05-04 05:00:00,17053.32,0.11108811095033168,17493.459649064967
2021-05-04 06:00:00,17849.51,0.136004253545595,18244.745017880847
2021-05-04 07:00:00,19310.59,0.17753115787103405,20215.1252649589
2021-05-04 08:00:00,20569.26,0.17753115787103405,21583.333594649685
2021-05-04 09:00:00,20762.32,0.185836538736122,21428.893310188123
2021-05-04 10:00:00,20503.69,0.22736344306156103,20961.027479386594
2021-05-04 11:00:00,20348.61,0.2938064899822634,20741.578579965728
2021-05-04 12:00:00,20337.31,0.3021118708473512,20717.98249499019
2021-05-04 13:00:00,20111.04,0.34363877517279023,20290.971012940554
2021-05-04 14:00:00,19764.15,0.44330334555384404,19679.941554261826
2021-05-04 15:00:00,19448.07,0.4266925838236683,19198.4415166042
2021-05-04 16:00:00,19218.58,0.3851656794982293,19184.23998869907
2021-05-04 17:00:00,19752.32,0.3602495369029659,19472.924423831682
2021-05-04 18:00:00,20631.17,0.3270280134426147,19818.06886405941
2021-05-04 19:00:00,20791.91,0.3021118708473512,19796.48884101171
2021-05-04 20:00:00,20640.6,0.2439742047917366,19757.17263654585
2021-05-04 21:00:00,20296.05,0.2356688239266488,19573.97783418234
2021-05-04 22:00:00,19339.87,0.21905806219647309,18917.77030494036
2021-05-04 23:00:00,18194.31,0.2938064899822634,17599.9131378542
2021-05-05 00:00:00,17325.14,0.25227958565682435,16852.788004180486
2021-05-05 01:00:00,16865.87,0.2771957282520878,16128.473625852643
2021-05-05 02:00:00,16546.84,0.3021118708473512,15910.004402560895
2021-05-05 03:00:00,16399.61,0.21905806219647309,15993.444823911572
2021-05-05 04:00:00,16405.26,0.15261501527577073,16210.650394311493
2021-05-05 05:00:00,16693.7,0.16092039614085848,16388.472580962927
2021-05-05 06:00:00,17512.05,0.14430963441068295,17417.65618667466
2021-05-05 07:00:00,18934.76,0.136004253545595,18990.770115429103
2021-05-05 08:00:00,20387.3,0.14430963441068295,20147.606195159173
2021-05-05 09:00:00,20780.45,0.16092039614085848,20378.942330587663
2021-05-05 10:00:00,20640.05,0.16922577700594627,19977.661703085083
2021-05-05 11:00:00,20665.9,0.21905806219647309,19826.041372363503
2021-05-05 12:00:00,20724.73,0.25227958565682435,19689.68053603423
2021-05-05 13:00:00,20662.77,0.3270280134426147,19576.296725014665
2021-05-05 14:00:00,20401.45,0.3353333943077024,19132.82070100719
2021-05-05 15:00:00,20143.28,0.3270280134426147,18937.967006818868
2021-05-05 16:00:00,20218.52,0.3104172517124391,18813.635298500045
2021-05-05 17:00:00,20684.18,0.2771957282520878,19307.73743145303
2021-05-05 18:00:00,21330.1,0.2356688239266488,20268.973386783324
2021-05-05 19:00:00,21313.54,0.2356688239266488,20299.95242805103
2021-05-05 20:00:00,21230.29,0.21905806219647309,20223.503207249614
2021-05-05 21:00:00,20798.84,0.185836538736122,20121.71976943242
2021-05-05 22:00:00,19936.7,0.16922577700594627,19501.78238375416
2021-05-05 23:00:00,18968.63,0.12769887268050722,18314.209624797815
2021-05-06 00:00:00,17843.48,0.0861719683550682,17697.699707549764
2021-05-06 01:00:00,17536.57,0.06956120662489264,17241.493116783957
2021-05-06 02:00:00,17447.95,0.03633968316454137,17077.085446434696
2021-05-06 03:00:00,17420.58,0.0031181597041901074,17000.63908287955
2021-05-06 04:00:00,17582.82,-0.055019506351424496,16851.026600408095
2021-05-06 05:00:00,17961.02,-0.16298945759756606,17288.42989999131
2021-05-06 06:00:00,18916.82,-0.1297679341372148,17914.279583125546
2021-05-06 07:00:00,20473.86,-0.07163026808160013,19306.42373625444
2021-05-06 08:00:00,21434.48,0.011423540569277886,20424.458681356035
2021-05-06 09:00:00,21290.0,0.136004253545595,20259.0041498436
2021-05-06 10:00:00,20861.15,0.21905806219647309,19817.81387008244
2021-05-06 11:00:00,20481.23,0.28550110911717563,19680.70925812036
2021-05-06 12:00:00,20292.34,0.3851656794982293,19456.14115577267
2021-05-06 13:00:00,19879.26,0.46821948814910735,19261.758112714375
2021-05-06 14:00:00,19398.2,0.5180517733396344,18880.73840686607
2021-05-06 15:00:00,19146.71,0.5180517733396344,18584.38239877362
2021-05-06 16:00:00,18993.11,0.5429679159348977,19116.850184966184
2021-05-06 17:00:00,19337.64,0.5014410116094586,19555.935564431085
2021-05-06 18:00:00,19959.96,0.3934710603633172,20577.23907576874
2021-05-06 19:00:00,20128.19,0.37686029863314147,20333.380789736526
2021-05-06 20:00:00,20186.27,0.2356688239266488,21097.445614853965
2021-05-06 21:00:00,20379.1,0.136004253545595,20996.032571248226
2021-05-06 22:00:00,19795.66,0.06125582575980486,20183.145770870706
2021-05-06 23:00:00,18870.21,-0.1297679341372148,19391.00657338165
2021-05-07 00:00:00,17969.01,-0.2045163619230051,18526.591306919192
2021-05-07 01:00:00,17528.1,-0.14637869586739044,17943.313541878288
2021-05-07 02:00:00,17464.64,-0.14637869586739044,17651.060012524216
2021-05-07 03:00:00,17638.0,-0.17129483846265384,17616.98699565667
2021-05-07 04:00:00,17778.19,-0.22943250451826852,17445.677361154492
2021-05-07 05:00:00,18319.69,-0.22112712365318066,17873.684230102666
2021-05-07 06:00:00,19189.45,-0.11315717240703917,18356.271372057265
2021-05-07 07:00:00,20412.14,-0.021797982891073302,19637.54385215677
2021-05-07 08:00:00,21150.51,0.06125582575980486,20550.980367778113
2021-05-07 09:00:00,21065.29,0.136004253545595,21089.09069325595
2021-05-07 10:00:00,20635.2,0.28550110911717563,20448.97144939165
2021-05-07 11:00:00,20243.81,0.401776441228405,20311.843668717676
2021-05-07 12:00:00,19891.99,0.5429679159348977,20094.759560981645
2021-05-07 13:00:00,19713.91,0.49313563074437083,20422.50746503021
2021-05-07 14:00:00,19162.59,0.5263571542047221,20122.116314187962
2021-05-07 15:00:00,18651.65,0.5928002011254245,19734.72943114878
2021-05-07 16:00:00,18399.87,0.5180517733396344,19165.528737501274
2021-05-07 17:00:00,18540.85,0.5097463924745465,19261.518400394973
2021-05-07 18:00:00,18984.7,0.4848302498792831,19548.6258308627
2021-05-07 19:00:00,19041.21,0.4599141072840196,20061.55838333604
2021-05-07 20:00:00,19080.26,0.3934710603633172,19968.09277684376
2021-05-07 21:00:00,19064.2,0.3685549177680537,19477.209498666114
2021-05-07 22:00:00,18616.37,0.3270280134426147,18935.35895018766
2021-05-07 23:00:00,17809.11,0.2439742047917366,17759.70110617342
2021-05-08 00:00:00,16840.08,0.21075268133138533,16769.604328944097
2021-05-08 01:00:00,16308.64,0.22736344306156103,16314.840140761216
2021-05-08 02:00:00,16031.79,0.25227958565682435,16007.472570859707
2021-05-08 03:00:00,16122.62,0.25227958565682435,15937.439202243162
2021-05-08 04:00:00,16175.95,0.17753115787103405,16224.79973571672
2021-05-08 05:00:00,16433.68,0.06125582575980486,16806.93810856231
2021-05-08 06:00:00,16718.5,0.11108811095033168,17024.679444151574
2021-05-08 07:00:00,17332.38,0.22736344306156103,18019.84347211703
2021-05-08 08:00:00,18102.82,0.21075268133138533,18780.01459456653
2021-05-08 09:00:00,18787.49,0.4183872029585805,18860.165750715074
2021-05-08 10:00:00,19000.08,0.4765248690141953,19215.950562139376
2021-05-08 11:00:00,18981.79,0.5844948202603367,19061.70965479983
2021-05-08 12:00:00,18920.9,0.46821948814910735,19346.796715215212
2021-05-08 13:00:00,18577.33,0.5429679159348977,19006.195892206495
2021-05-08 14:00:00,18112.4,0.5097463924745465,18689.04173451947
2021-05-08 15:00:00,17677.83,0.5928002011254245,18118.398410459304
2021-05-08 16:00:00,17554.68,0.5928002011254245,17824.82016057566
2021-05-08 17:00:00,17653.7,0.5429679159348977,18161.36950423041
2021-05-08 18:00:00,18172.4,0.46821948814910735,18630.25199451928
2021-05-08 19:00:00,18305.56,0.3353333943077024,19123.55220672144
2021-05-08 20:00:00,18340.76,0.26058496652191215,19055.560660784005
2021-05-08 21:00:00,18461.58,0.185836538736122,19102.60650053816
2021-05-08 22:00:00,17982.14,0.1027827300852439,18615.518766073023
2021-05-08 23:00:00,17254.73,0.05295044489471693,17856.73094756314
2021-05-09 00:00:00,16423.13,-0.021797982891073302,16848.552505861786
2021-05-09 01:00:00,16018.25,-0.06332488721651235,16642.067857927996
2021-05-09 02:00:00,15897.41,-0.10485179154195139,16581.878554688068
2021-05-09 03:00:00,15944.32,-0.17129483846265384,17314.161870660173
2021-05-09 04:00:00,16072.9,-0.22112712365318066,17078.689716193872
2021-05-09 05:00:00,16324.77,-0.17129483846265384,17424.867626518462
2021-05-09 06:00:00,16673.49,-0.09654641067686354,17563.25364618129
2021-05-09 07:00:00,17143.34,0.011423540569277886,17695.582828310744
2021-05-09 08:00:00,17579.45,0.14430963441068295,18340.079650922944
2021-05-09 09:00:00,18218.89,0.20244730046629755,19288.952249748934
2021-05-09 10:00:00,18685.75,0.21075268133138533,19506.48617009466
2021-05-09 11:00:00,18635.17,0.19414191960120977,19676.60515147214
2021-05-09 12:00:00,18537.2,0.3270280134426147,19368.988927208917
2021-05-09 13:00:00,18240.31,0.4599141072840196,18751.827000693076
2021-05-09 14:00:00,17656.47,0.6758540097763026,17821.53272253341
2021-05-09 15:00:00,17197.02,0.6758540097763026,17391.797223339123
2021-05-09 16:00:00,16977.54,0.700770152371566,17872.03192104378
2021-05-09 17:00:00,17317.44,0.5928002011254245,18245.895384928193
2021-05-09 18:00:00,17994.88,0.4599141072840196,19177.906137538812
2021-05-09 19:00:00,18374.93,0.3851656794982293,19024.09960210734
2021-05-09 20:00:00,18405.77,0.3270280134426147,18866.36100825606
2021-05-09 21:00:00,18546.07,0.26058496652191215,18649.5621381722
2021-05-09 22:00:00,17965.16,0.2356688239266488,17835.44126749826
2021-05-09 23:00:00,16998.72,0.16922577700594627,17071.692251867546
2021-05-10 00:00:00,16100.85,0.03633968316454137,16553.98642094583
2021-05-10 01:00:00,15716.73,0.019728921434365814,16457.792811199655
2021-05-10 02:00:00,15541.57,-0.07163026808160013,16680.937550569277
2021-05-10 03:00:00,15654.92,-0.07993564894668798,16072.977554656958
2021-05-10 04:00:00,15857.51,-0.22943250451826852,16746.00858251916
2021-05-10 05:00:00,16160.81,-0.07163026808160013,16508.955910417222
2021-05-10 06:00:00,17080.77,0.06125582575980486,17208.707021098213
2021-05-10 07:00:00,18537.38,0.19414191960120977,18118.94834108036
2021-05-10 08:00:00,19451.64,0.3270280134426147,19370.42122969176
2021-05-10 09:00:00,19456.99,0.3851656794982293,19456.414984706422
2021-05-10 10:00:00,18939.83,0.5263571542047221,19333.517391900026
2021-05-10 11:00:00,18840.63,0.6094109628556001,19117.621306133828
2021-05-10 12:00:00,18725.04,0.6426324863159515,18993.830988780286
2021-05-10 13:00:00,18589.04,0.5595786776650734,19532.354872148455
2021-05-10 14:00:00,18271.68,0.6675486289112149,19078.716651316787
2021-05-10 15:00:00,17845.62,0.4183872029585805,19258.179037035035
2021-05-10 16:00:00,17960.41,0.6094109628556001,18600.805800847356
2021-05-10 17:00:00,18421.25,0.5928002011254245,18846.875554559625
2021-05-10 18:00:00,19089.44,0.5512732967999855,19085.196043600517
2021-05-10 19:00:00,19150.17,0.41008182209349275,19246.01908004324
2021-05-10 20:00:00,19023.39,0.43499796468875623,18738.25402655216
2021-05-10 21:00:00,19024.79,0.37686029863314147,18755.09353329448
2021-05-10 22:00:00,18120.66,0.3021118708473512,18310.00201365984
2021-05-10 23:00:00,17055.31,0.20244730046629755,17480.494884803407
2021-05-11 00:00:00,15990.75,0.15261501527577073,16163.845823547132
2021-05-11 01:00:00,15483.74,0.09447734922015597,15782.15349894507
2021-05-11 02:00:00,15335.55,-0.021797982891073302,15704.136805166923
2021-05-11 03:00:00,15374.61,-0.005187221160897672,15429.66126164044
2021-05-11 04:00:00,15447.91,-0.021797982891073302,15919.400908769896
2021-05-11 05:00:00,15681.21,-0.038408744621248936,16238.954719331554
2021-05-11 06:00:00,16604.27,-0.07163026808160013,18076.55555033411
2021-05-11 07:00:00,18218.53,-0.013492602025985451,19532.588020030016
2021-05-11 08:00:00,19464.67,0.11939349181541946,20131.203788106504
2021-05-11 09:00:00,19720.1,0.2439742047917366,20086.141295690257
2021-05-11 10:00:00,19422.37,0.2439742047917366,20086.3803351362
2021-05-11 11:00:00,19280.34,0.28550110911717563,19916.324673129337
2021-05-11 12:00:00,19435.19,0.21075268133138533,20257.192016281155
2021-05-11 13:00:00,19283.04,0.3021118708473512,19712.835683996607
2021-05-11 14:00:00,19038.43,0.26058496652191215,19660.901429003345
2021-05-11 15:00:00,18698.14,0.3685549177680537,18842.233478053913
2021-05-11 16:00:00,18577.49,0.16092039614085848,19393.55885432454
2021-05-11 17:00:00,19132.54,0.16092039614085848,19685.684303298593
2021-05-11 18:00:00,19905.79,0.12769887268050722,19997.1559964955
2021-05-11 19:00:00,19995.53,0.05295044489471693,20077.38014674509
2021-05-11 20:00:00,20010.47,-0.046714125486336716,20230.893018855884
2021-05-11 21:00:00,19815.72,-0.1297679341372148,20754.422561839678
2021-05-11 22:00:00,19078.58,-0.1297679341372148,19549.367895069605
2021-05-11 23:00:00,18037.75,-0.1297679341372148,18698.14952158986
2021-05-12 00:00:00,17161.79,-0.12146255327212702,17291.76802195416
2021-05-12 01:00:00,16738.89,-0.10485179154195139,16615.992026100295
2021-05-12 02:00:00,16554.32,-0.09654641067686354,16000.240027192935
2021-05-12 03:00:00,16394.3,-0.11315717240703917,16202.227579690332
2021-05-12 04:00:00,16501.79,-0.17960021932774162,16396.223658130257
2021-05-12 05:00:00,16673.53,-0.14637869586739044,16759.61601244487
2021-05-12 06:00:00,17565.12,-0.005187221160897672,17094.3088557683
2021-05-12 07:00:00,18860.77,0.16922577700594627,19314.92012241168
2021-05-12 08:00:00,19924.8,0.21905806219647309,20216.095290659832
2021-05-12 09:00:00,19858.72,0.3934710603633172,19811.4704922285
2021-05-12 10:00:00,19348.13,0.4266925838236683,19705.142675659652
2021-05-12 11:00:00,19047.23,0.5263571542047221,19534.738781169264
2021-05-12 12:00:00,19059.06,0.6675486289112149,19263.153107874685
2021-05-12 13:00:00,18891.02,0.6509378671810392,18938.254610366712
2021-05-12 14:00:00,18634.31,0.7173809141017417,18442.017989507196
2021-05-12 15:00:00,18247.53,0.709075533236654,18093.290004768533
2021-05-12 16:00:00,18111.3,0.709075533236654,17785.869652027643
2021-05-12 17:00:00,18578.74,0.6841593906413905,18125.585250941807
2021-05-12 18:00:00,19317.56,0.6260217245857758,18886.156569424358
2021-05-12 19:00:00,19279.92,0.5928002011254245,18435.45769595195
2021-05-12 20:00:00,19165.65,0.49313563074437083,18486.104084346684
2021-05-12 21:00:00,19296.26,0.46821948814910735,18014.380581649184
2021-05-12 22:00:00,18741.81,0.35194415603787815,17706.370900830367
2021-05-12 23:00:00,17630.52,0.2439742047917366,17065.503142617417
2021-05-13 00:00:00,16577.8,0.07786658748998042,16556.938419759666
2021-05-13 01:00:00,16079.19,-0.013492602025985451,16190.59641049239
2021-05-13 02:00:00,15930.76,0.019728921434365814,15758.635917455216
2021-05-13 03:00:00,15957.22,-0.15468407673247822,15903.67608057666
2021-05-13 04:00:00,16174.9,-0.13807331500230258,15894.297702226633
2021-05-13 05:00:00,16597.52,-0.17129483846265384,16153.974518992949
2021-05-13 06:00:00,17391.03,0.011423540569277886,16839.570114348913
2021-05-13 07:00:00,18696.08,0.2356688239266488,17491.995655355884
2021-05-13 08:00:00,19602.46,0.3685549177680537,18414.28885332481
2021-05-13 09:00:00,19631.86,0.5678840585301611,18510.512813929843
2021-05-13 10:00:00,19169.53,0.792129341887532,17742.07574178914
2021-05-13 11:00:00,18745.24,0.8751831505384101,17775.86675502255
2021-05-13 12:00:00,18789.01,0.8917939122685857,17936.969226577396
2021-05-13 13:00:00,18580.3,1.0163746252449029,17560.242624871877
2021-05-13 14:00:00,18254.76,1.091123053030693,17285.810294971296
2021-05-13 15:00:00,17989.13,0.9914584826496393,17176.409297429316
2021-05-13 16:00:00,18014.17,0.8834885314034978,17747.393617839916
2021-05-13 17:00:00,18194.8,0.9499315783242003,17772.654344205715
2021-05-13 18:00:00,18651.18,0.8253508653478832,18705.341646120974
2021-05-13 19:00:00,18833.87,0.7589078184271807,18697.294080979416
2021-05-13 20:00:00,18701.26,0.5761894393952489,18857.291140276593
2021-05-13 21:00:00,18809.37,0.5761894393952489,18787.667261514536
2021-05-13 22:00:00,18370.05,0.3934710603633172,18559.793065333597
2021-05-13 23:00:00,17127.31,0.37686029863314147,16899.726725057688
2021-05-14 00:00:00,15965.17,0.41008182209349275,15356.478144279714
2021-05-14 01:00:00,15437.4,0.37686029863314147,14520.480272410268
2021-05-14 02:00:00,15190.21,0.3602495369029659,14573.976395442605
2021-05-14 03:00:00,15079.47,0.3104172517124391,14457.947432756879
2021-05-14 04:00:00,15233.83,0.31872263257752687,14328.990840841125
2021-05-14 05:00:00,15451.84,0.2356688239266488,14706.208989573357
2021-05-14 06:00:00,16188.74,0.31872263257752687,15712.644036079895
2021-05-14 07:00:00,17438.92,0.4599141072840196,17443.479906312805
2021-05-14 08:00:00,18528.53,0.5512732967999855,18363.832070364228
2021-05-14 09:00:00,18819.76,0.700770152371566,18692.525634757352
2021-05-14 10:00:00,18710.58,0.8668777696733222,18271.86656852665
2021-05-14 11:00:00,18656.94,1.0745122913005174,17721.91448092378
2021-05-14 12:00:00,18749.69,1.307062955522976,17356.551665558683
2021-05-14 13:00:00,18572.82,1.0828176721656053,18087.352464653206
2021-05-14 14:00:00,18225.7,1.3153683363880637,17241.869571687123
2021-05-14 15:00:00,17822.96,1.3153683363880637,16785.967251518312
2021-05-14 16:00:00,17678.13,1.3319790981182398,16050.05692086591
2021-05-14 17:00:00,17863.49,1.265536051197537,16284.775021576035
2021-05-14 18:00:00,18158.05,1.21570376600701,16648.319380116947
2021-05-14 19:00:00,18110.0,1.0745122913005174,17322.27132892883
2021-05-14 20:00:00,17924.42,0.9582369591892882,17099.51292742047
2021-05-14 21:00:00,17972.38,0.8419616270780588,17414.875779046608
2021-05-14 22:00:00,17656.57,0.7339916758319172,16742.73292811004
2021-05-14 23:00:00,16800.12,0.6011055819905124,15770.27394423382
2021-05-15 00:00:00,15720.1,0.49313563074437083,15164.043495336067
2021-05-15 01:00:00,15145.71,0.3934710603633172,14726.570021961168
2021-05-15 02:00:00,14682.11,0.21905806219647309,14842.444878865781
2021-05-15 03:00:00,14677.57,0.2439742047917366,14464.73922078191
2021-05-15 04:00:00,14709.1,0.16092039614085848,15149.089219014726
2021-05-15 05:00:00,14895.6,0.21075268133138533,14729.1003641852
2021-05-15 06:00:00,15128.37,0.3934710603633172,14806.370206534722
2021-05-15 07:00:00,15614.79,0.5097463924745465,15209.000672782417
2021-05-15 08:00:00,16308.04,0.5844948202603367,16281.92493755091
2021-05-15 09:00:00,17185.06,0.700770152371566,17153.801195589458
2021-05-15 10:00:00,17671.69,0.8253508653478832,17770.85187027297
2021-05-15 11:00:00,17806.9,0.9582369591892882,17699.434877684
2021-05-15 12:00:00,17796.11,1.0828176721656053,18158.111731885565
2021-05-15 13:00:00,17655.62,1.265536051197537,16913.39900922563
2021-05-15 14:00:00,17137.68,1.307062955522976,16735.31457668028
2021-05-15 15:00:00,16778.8,1.3236737172531516,16252.56223051445
2021-05-15 16:00:00,16775.45,1.2738414320626248,16698.450341412885
2021-05-15 17:00:00,17169.33,1.21570376600701,17208.399997896107
2021-05-15 18:00:00,17509.27,1.1077338147608686,17858.780078761843
2021-05-15 19:00:00,17501.89,0.9582369591892882,17507.970988260317
2021-05-15 20:00:00,17282.95,0.8502670079431467,17306.56489977902
2021-05-15 21:00:00,17373.33,0.6094109628556001,17957.579731299847
2021-05-15 22:00:00,17134.04,0.6509378671810392,17278.375406902025
2021-05-15 23:00:00,16332.88,0.4266925838236683,16715.969698001096
2021-05-16 00:00:00,15346.08,0.4599141072840196,15381.429774686874
2021-05-16 01:00:00,14780.29,0.34363877517279023,15030.83268341267
2021-05-16 02:00:00,14391.43,0.21905806219647309,14713.786326912561
2021-05-16 03:00:00,14317.65,0.21905806219647309,14847.549961138404
2021-05-16 04:00:00,14351.04,0.15261501527577073,14302.842719863407
2021-05-16 05:00:00,14549.65,0.15261501527577073,15066.721337655496
2021-05-16 06:00:00,14577.64,0.28550110911717563,15303.148692741646
2021-05-16 07:00:00,15030.18,0.3685549177680537,15655.851438612219
2021-05-16 08:00:00,15732.86,0.4266925838236683,16579.932569377692
2021-05-16 09:00:00,16712.35,0.6758540097763026,17223.639089932065
2021-05-16 10:00:00,17417.26,0.8834885314034978,17046.485955622647
2021-05-16 11:00:00,17586.58,1.0329853869750785,16991.226788030366
2021-05-16 12:00:00,17859.6,1.1492607190863076,17088.211087241023
2021-05-16 13:00:00,17821.38,1.224009146872098,17082.493416600326
2021-05-16 14:00:00,17398.89,1.2572306703324492,16751.611968150148
2021-05-16 15:00:00,17070.9,1.1160391956259565,16488.26063194685
2021-05-16 16:00:00,16971.66,0.8336562462129711,17243.36371205022
2021-05-16 17:00:00,17475.97,1.0745122913005174,17182.503682698654
2021-05-16 18:00:00,18114.69,0.9997638635147272,17920.206605514355
2021-05-16 19:00:00,18223.05,0.9000992931336733,17640.986943900447
2021-05-16 20:00:00,18044.57,0.6758540097763026,18028.006627859042
2021-05-16 21:00:00,18128.0,0.5595786776650734,17729.364222409575
2021-05-16 22:00:00,17629.79,0.6509378671810392,17274.145299796688
2021-05-16 23:00:00,16378.88,0.5844948202603367,16050.560697626219
2021-05-17 00:00:00,15367.67,0.4765248690141953,15079.861342962533
2021-05-17 01:00:00,14923.67,0.26058496652191215,14902.355937611263
2021-05-17 02:00:00,14589.73,0.17753115787103405,14413.767672131191
2021-05-17 03:00:00,14540.87,0.19414191960120977,14347.228328857818
2021-05-17 04:00:00,14681.37,0.16922577700594627,14464.314468068753
2021-05-17 05:00:00,14896.33,0.11939349181541946,15059.683048380664
2021-05-17 06:00:00,15656.77,0.4183872029585805,15505.083374625456
2021-05-17 07:00:00,17121.13,0.5429679159348977,17055.406023161075
2021-05-17 08:00:00,18536.79,0.6924647715064781,17528.678791269725
2021-05-17 09:00:00,18891.54,0.8004347227526197,18168.39938484677
2021-05-17 10:00:00,18831.95,0.8917939122685857,18543.157831118384
2021-05-17 11:00:00,18800.15,1.091123053030693,18435.56939160738
2021-05-17 12:00:00,19066.03,1.2406199086022736,18354.39297671421
2021-05-17 13:00:00,19006.79,1.348589859848415,17992.702879041895
2021-05-17 14:00:00,18807.14,1.4233382876342051,17568.996466472083
2021-05-17 15:00:00,18674.48,1.4648651919596443,16899.604914574753
2021-05-17 16:00:00,18688.02,1.4482544302294689,16981.159488677913
2021-05-17 17:00:00,19102.3,1.431643668499293,17602.34713972617
2021-05-17 18:00:00,19584.52,1.265536051197537,18369.03209724131
2021-05-17 19:00:00,19494.06,1.1409553382212199,18415.88386101788
2021-05-17 20:00:00,19085.47,1.0163746252449029,18153.125863443638
2021-05-17 21:00:00,18904.04,0.9499315783242003,17785.535420192322
2021-05-17 22:00:00,18382.82,0.9250154357289369,17634.872282404955
2021-05-17 23:00:00,17157.04,0.8834885314034978,15926.454197434457
2021-05-18 00:00:00,15945.08,0.8336562462129711,14730.539473631696
2021-05-18 01:00:00,15161.7,0.7589078184271807,14038.857947342576
2021-05-18 02:00:00,14724.24,0.6841593906413905,13726.504293123231
2021-05-18 03:00:00,14499.12,0.659243248046127,13597.614992960565
2021-05-18 04:00:00,14467.92,0.5595786776650734,13820.083757119535
2021-05-18 05:00:00,14710.07,0.5429679159348977,13716.076451379515
2021-05-18 06:00:00,15204.67,0.6260217245857758,14475.978607681856
2021-05-18 07:00:00,16467.98,0.7672131992922686,15621.079569639964
2021-05-18 08:00:00,18011.4,0.8419616270780588,17314.50739116247
2021-05-18 09:00:00,18588.82,0.9665423400543759,18213.487262053364
2021-05-18 10:00:00,18595.28,1.0246800061099905,18391.748189910995
2021-05-18 11:00:00,18656.22,1.1077338147608686,18479.440532590037
2021-05-18 12:00:00,18663.1,1.2073983851419225,18734.81807247116
2021-05-18 13:00:00,18640.38,1.2738414320626248,18673.921725781514
2021-05-18 14:00:00,18490.79,1.439949049364381,18200.312217414077
2021-05-18 15:00:00,18245.89,1.40672752590403,18147.883717654327
2021-05-18 16:00:00,18028.47,1.4482544302294689,17369.2766915038
2021-05-18 17:00:00,18775.0,1.431643668499293,17966.7554532048
2021-05-18 18:00:00,19142.91,1.348589859848415,18632.076895269514
2021-05-18 19:00:00,19206.38,1.2821468129277127,18585.198272486872
2021-05-18 20:00:00,18958.54,1.1492607190863076,18231.281304777996
2021-05-18 21:00:00,18720.71,1.0495961487052539,18387.198893025983
2021-05-18 22:00:00,18330.17,0.9084046739987612,17938.360684380536
2021-05-18 23:00:00,17149.55,0.8336562462129711,16711.023680131355
2021-05-19 00:00:00,15993.29,0.6011055819905124,15918.286890262954
2021-05-19 01:00:00,15257.77,0.5014410116094586,15231.854336546123
2021-05-19 02:00:00,14948.1,0.5180517733396344,14748.972815283001
2021-05-19 03:00:00,14677.39,0.37686029863314147,15076.763406408356
2021-05-19 04:00:00,14554.51,0.3104172517124391,14902.155579245065
2021-05-19 05:00:00,14813.27,0.4183872029585805,14625.48459702525
2021-05-19 06:00:00,15304.83,0.5097463924745465,15307.859577181876
2021-05-19 07:00:00,16404.51,0.7755185801573562,16156.985200665327
2021-05-19 08:00:00,17718.81,0.9167100548638492,17426.738012719892
2021-05-19 09:00:00,18472.05,1.0662069104354295,18053.039017705945
2021-05-19 10:00:00,18613.45,1.174176861681571,17808.741500667653
2021-05-19 11:00:00,18663.99,1.2323145277371856,17811.384442024188
2021-05-19 12:00:00,18848.81,1.2489252894673615,18102.244327094693
2021-05-19 13:00:00,18735.25,1.21570376600701,18316.27719795782
2021-05-19 14:00:00,18629.67,1.340284478983327,18076.586434571047
2021-05-19 15:00:00,18414.51,1.498086715419996,17516.538984868126
2021-05-19 16:00:00,18388.68,1.581140524070874,16728.542521741612
2021-05-19 17:00:00,18806.21,1.5894459049359613,17362.906497468182
2021-05-19 18:00:00,19474.37,1.531308238880347,17972.1025445753
2021-05-19 19:00:00,19368.31,1.4731705728247322,18532.994956800143
2021-05-19 20:00:00,19275.63,1.3568952407135029,18362.66778671858
2021-05-19 21:00:00,18944.21,1.1990930042768346,18311.024039793956
2021-05-19 22:00:00,18568.26,1.0828176721656053,17704.974631572575
2021-05-19 23:00:00,17492.8,1.0745122913005174,15932.683946981433
2021-05-20 00:00:00,16216.5,0.8834885314034978,14932.834755002026
2021-05-20 01:00:00,15252.13,0.8502670079431467,14121.869300966602
2021-05-20 02:00:00,14913.91,0.8585723888082343,13861.391007732596
2021-05-20 03:00:00,14750.45,0.8087401036177077,13755.398330628539
2021-05-20 04:00:00,14656.86,0.7422970566970051,13687.885620913872
2021-05-20 05:00:00,14845.56,0.7256862949668296,14087.048272588167
2021-05-20 06:00:00,15292.49,0.792129341887532,14357.786632372576
2021-05-20 07:00:00,16714.49,0.9333208165940248,15317.944130329673
2021-05-20 08:00:00,18180.13,1.1409553382212199,16648.994422185115
2021-05-20 09:00:00,18636.4,1.298757574657888,17500.862467949286
2021-05-20 10:00:00,18820.51,1.398422145038942,17594.655625701802
2021-05-20 11:00:00,18924.14,1.6309728092614004,17468.028961277218
2021-05-20 12:00:00,19114.77,1.7389427605075423,17717.190439572845
2021-05-20 13:00:00,19391.63,1.8469127117536834,17723.16642946566
2021-05-20 14:00:00,19390.58,1.8136911882933324,17804.134495108534
2021-05-20 15:00:00,19312.54,1.8635234734838595,17716.100197154195
2021-05-20 16:00:00,19265.33,1.7721642839678933,17597.95949169208
2021-05-20 17:00:00,19394.78,1.7057212370471913,18283.341986539468
2021-05-20 18:00:00,19836.6,1.5894459049359613,19167.120448956804
2021-05-20 19:00:00,19954.23,1.3818113833087662,19371.277542076514
2021-05-20 20:00:00,19684.78,1.1907876234117467,19618.049490359128
2021-05-20 21:00:00,19420.07,1.1990930042768346,18774.70215228793
2021-05-20 22:00:00,18956.35,1.2323145277371856,18467.63761129309
2021-05-20 23:00:00,17795.87,1.1575660999513955,17046.468120587127
2021-05-21 00:00:00,16363.51,1.1492607190863076,15365.789727497855
2021-05-21 01:00:00,15619.34,1.0662069104354295,14303.775107672021
2021-05-21 02:00:00,15239.92,1.0163746252449029,14032.802534708093
2021-05-21 03:00:00,14949.22,0.9914584826496393,13713.946912300129
2021-05-21 04:00:00,14764.18,1.0329853869750785,13113.225003139058
2021-05-21 05:00:00,15017.35,0.9914584826496393,13587.234590644275
2021-05-21 06:00:00,15391.37,1.0163746252449029,14074.395978133358
2021-05-21 07:00:00,16665.3,1.1575660999513955,15463.730561474576
2021-05-21 08:00:00,18165.15,1.307062955522976,17233.85565982167
2021-05-21 09:00:00,19134.94,1.3568952407135029,18083.094240119728
2021-05-21 10:00:00,19586.81,1.581140524070874,18579.93858353938
2021-05-21 11:00:00,19740.09,1.6808050944519273,18695.031462228228
2021-05-21 12:00:00,19904.03,1.8552180926187716,18676.18778580904
2021-05-21 13:00:00,20007.41,1.9382719012696497,18609.4921645659
2021-05-21 14:00:00,20025.32,1.8635234734838595,18541.055837393054
2021-05-21 15:00:00,19889.54,1.8219965691584203,18543.764181838058
2021-05-21 16:00:00,19735.58,1.7970804265631566,18349.435284001178
2021-05-21 17:00:00,19758.81,1.7887750456980693,18646.556843073085
2021-05-21 18:00:00,19915.68,1.7140266179122785,19193.485091589067
2021-05-21 19:00:00,19865.1,1.6309728092614004,18785.04555185383
2021-05-21 20:00:00,19598.24,1.498086715419996,18537.587338741596
2021-05-21 21:00:00,19434.47,1.3818113833087662,18325.23077729408
2021-05-21 22:00:00,19002.12,1.3319790981182398,18154.75694498402
2021-05-21 23:00:00,17968.25,1.2821468129277127,16789.06386803819
2021-05-22 00:00:00,16804.34,1.182482242546659,15725.474340612609
2021-05-22 01:00:00,15896.34,1.21570376600701,14809.743733191828
2021-05-22 02:00:00,15412.6,1.1575660999513955,14625.130787382759
2021-05-22 03:00:00,15038.92,1.1077338147608686,14406.016477349176
2021-05-22 04:00:00,14857.44,1.091123053030693,14179.574126515128
2021-05-22 05:00:00,14741.37,1.091123053030693,14349.543641254606
2021-05-22 06:00:00,14834.67,1.099428433895781,14416.455061804327
2021-05-22 07:00:00,15308.47,1.182482242546659,14979.416361635409
2021-05-22 08:00:00,16257.36,1.340284478983327,16246.004368794927
2021-05-22 09:00:00,17407.04,1.3652006215785908,17459.116160793368
2021-05-22 10:00:00,18147.26,1.348589859848415,18323.607710789107
2021-05-22 11:00:00,18372.99,1.307062955522976,18612.91840878462
2021-05-22 12:00:00,18593.03,1.3319790981182398,18871.417069749357
2021-05-22 13:00:00,18672.16,1.531308238880347,18957.645817647637
2021-05-22 14:00:00,18492.59,1.5479190006105223,18801.438859707345
2021-05-22 15:00:00,18093.01,1.5894459049359613,18593.32128508346
2021-05-22 16:00:00,18086.7,1.6808050944519273,18293.35167248348
2021-05-22 17:00:00,18490.11,1.614362047531225,18747.816440392446
2021-05-22 18:00:00,18935.78,1.1492607190863076,19631.409322867898
2021-05-22 19:00:00,18938.24,1.1492607190863076,19804.721010379195
2021-05-22 20:00:00,18515.26,1.099428433895781,19236.29872007738
2021-05-22 21:00:00,18233.12,1.0579015295703418,19420.54663436751
2021-05-22 22:00:00,18090.8,1.0662069104354295,18602.940470076795
2021-05-22 23:00:00,17247.22,0.9416261974591124,17629.51142716782
2021-05-23 00:00:00,16194.74,0.9000992931336733,16808.80529182051
2021-05-23 01:00:00,15415.28,0.9748477209194638,16099.828966615241
2021-05-23 02:00:00,14894.77,0.9582369591892882,15821.876660122656
2021-05-23 03:00:00,14696.13,0.8585723888082343,15714.892723031546
2021-05-23 04:00:00,14630.64,0.8917939122685857,15153.907785988622
2021-05-23 05:00:00,14613.01,0.9000992931336733,15350.146919285711
2021-05-23 06:00:00,14702.61,0.9167100548638492,15197.238129827727
2021-05-23 07:00:00,14880.01,0.9665423400543759,15323.218105971266
2021-05-23 08:00:00,15467.72,0.9582369591892882,16551.77617325536
2021-05-23 09:00:00,16415.42,0.8751831505384101,18489.39543442203
2021-05-23 10:00:00,17235.74,0.9167100548638492,18648.72492423511
2021-05-23 11:00:00,17367.55,0.8917939122685857,18824.836188446032
2021-05-23 12:00:00,17759.99,0.8585723888082343,18887.391842115198
2021-05-23 13:00:00,17551.12,0.8004347227526197,18965.74552115229
2021-05-23 14:00:00,17225.14,0.9748477209194638,18488.794434571515
2021-05-23 15:00:00,16699.24,0.9748477209194638,18188.299363784652
2021-05-23 16:00:00,16709.48,0.9831531017845514,17837.37817276268
2021-05-23 17:00:00,16941.12,0.9582369591892882,18449.72421780432
2021-05-23 18:00:00,17528.81,0.8668777696733222,18985.812678052782
2021-05-23 19:00:00,17727.41,0.7422970566970051,19851.73783262328
2021-05-23 20:00:00,17513.84,0.6260217245857758,19796.47510085144
2021-05-23 21:00:00,17354.8,0.5429679159348977,19495.319761811552
2021-05-23 22:00:00,17152.23,0.4848302498792831,19564.628353014486
2021-05-23 23:00:00,16433.41,0.44330334555384404,18427.09491753177
2021-05-24 00:00:00,15559.14,0.3104172517124391,18056.14566557968
2021-05-24 01:00:00,14912.59,0.2439742047917366,17555.448879243653
2021-05-24 02:00:00,14648.99,0.17753115787103405,16952.93850174627
2021-05-24 03:00:00,14648.67,0.0861719683550682,16745.543615615676
2021-05-24 04:00:00,14512.12,-0.005187221160897672,17071.538732617766
2021-05-24 05:00:00,14771.46,0.0031181597041901074,17490.045905499443
2021-05-24 06:00:00,14877.13,0.12769887268050722,17856.93450454247
2021-05-24 07:00:00,15627.98,0.2439742047917366,19006.200851269074
2021-05-24 08:00:00,16373.28,0.34363877517279023,19698.232782867923
2021-05-24 09:00:00,17111.11,0.46821948814910735,19227.509934510384
2021-05-24 10:00:00,17723.69,0.5678840585301611,19201.088964124847
2021-05-24 11:00:00,17951.36,0.6426324863159515,19289.490940006006
2021-05-24 12:00:00,17949.91,0.7589078184271807,19295.439738814388
2021-05-24 13:00:00,17959.47,0.8253508653478832,18667.866372324617
2021-05-24 14:00:00,17554.47,0.9333208165940248,18352.4621982914
2021-05-24 15:00:00,17085.38,1.008069244379815,17763.00555142731
2021-05-24 16:00:00,17139.54,1.0412907678401664,18099.505948131376
2021-05-24 17:00:00,17654.37,1.0412907678401664,18306.464513194947
2021-05-24 18:00:00,18441.5,1.0163746252449029,18689.61903444591
2021-05-24 19:00:00,18656.1,0.9250154357289369,18782.177987782015
2021-05-24 20:00:00,18487.99,0.792129341887532,18289.493927588264
2021-05-24 21:00:00,18222.06,0.6924647715064781,18118.085238024425
2021-05-24 22:00:00,17758.64,0.617716343720688,18041.921703722368
2021-05-24 23:00:00,16697.1,0.4765248690141953,17390.841467950126
2021-05-25 00:00:00,15527.05,0.5346625350698099,16130.896904588291
2021-05-25 01:00:00,14954.22,0.4765248690141953,15328.591857861327
2021-05-25 02:00:00,14564.65,0.37686029863314147,14971.582382906025
2021-05-25 03:00:00,14429.84,0.3685549177680537,14550.646756568645
2021-05-25 04:00:00,14560.42,0.37686029863314147,14459.24098632047
2021-05-25 05:00:00,14824.04,0.3353333943077024,14595.113940641231
2021-05-25 06:00:00,15350.16,0.5263571542047221,14891.782443331576
2021-05-25 07:00:00,16909.54,0.6758540097763026,15789.884863846208
2021-05-25 08:00:00,18323.52,0.8170454844827952,16490.340794233944
2021-05-25 09:00:00,18608.85,0.8917939122685857,16605.134312558406
2021-05-25 10:00:00,18732.89,0.9665423400543759,18032.85492397668
2021-05-25 11:00:00,18660.92,1.0579015295703418,18395.010160190224
2021-05-25 12:00:00,18822.67,1.3652006215785908,18503.77716762337
2021-05-25 13:00:00,18766.85,1.1243445764910445,18442.231473765907
2021-05-25 14:00:00,18963.33,1.298757574657888,18166.940730861428
2021-05-25 15:00:00,18746.02,1.523002858015259,17742.136490978715
2021-05-25 16:00:00,18755.59,1.5396136197454349,17400.188486870185
2021-05-25 17:00:00,19258.78,1.5977512858010492,17703.22518363508
2021-05-25 18:00:00,20030.34,1.531308238880347,18403.34996670807
2021-05-25 19:00:00,20100.61,1.5063920962850832,18153.216660311027
2021-05-25 20:00:00,19775.0,1.4233382876342051,17474.374787410536
2021-05-25 21:00:00,19482.0,1.2489252894673615,17356.7557388713
2021-05-25 22:00:00,18964.31,1.1990930042768346,16828.57947192261
2021-05-25 23:00:00,17561.62,1.3319790981182398,15230.647864973153
2021-05-26 00:00:00,16476.94,1.3153683363880637,14301.955967664437
2021-05-26 01:00:00,15810.49,1.307062955522976,13565.66872470379
2021-05-26 02:00:00,15406.21,1.2489252894673615,13011.41068057025
2021-05-26 03:00:00,15100.99,1.2323145277371856,12778.746782207141
2021-05-26 04:00:00,15027.66,1.1990930042768346,13372.348340398863
2021-05-26 05:00:00,15053.79,1.21570376600701,13294.598838536722
2021-05-26 06:00:00,15568.55,1.1907876234117467,14120.636373682486
2021-05-26 07:00:00,16879.21,1.224009146872098,15843.776775651539
2021-05-26 08:00:00,18232.47,1.48147595368982,17110.75394524414
2021-05-26 09:00:00,18943.67,1.581140524070874,17478.078921332857
2021-05-26 10:00:00,19099.03,1.5645297623406982,17902.89258366625
2021-05-26 11:00:00,19382.66,1.6808050944519273,17867.52491561056
2021-05-26 12:00:00,19766.18,1.8219965691584203,18250.890929338417
2021-05-26 13:00:00,20009.75,1.7223319987773664,18291.851836544134
2021-05-26 14:00:00,19767.65,1.7223319987773664,18540.22545079899
2021-05-26 15:00:00,19674.94,1.7140266179122785,18493.365749582314
2021-05-26 16:00:00,19525.11,1.1160391956259565,18996.94341067804
2021-05-26 17:00:00,19768.85,1.1658714808164834,19696.632711931987
2021-05-26 18:00:00,20155.89,1.2073983851419225,20532.86723903599
2021-05-26 19:00:00,20032.77,1.224009146872098,20593.986868334403
2021-05-26 20:00:00,19747.52,1.1492607190863076,20113.394149996384
2021-05-26 21:00:00,19244.37,1.1409553382212199,20022.484689005156
2021-05-26 22:00:00,18747.7,1.091123053030693,19009.947084342766
2021-05-26 23:00:00,17591.8,0.9997638635147272,17892.349456769964
2021-05-27 00:00:00,16348.38,0.9250154357289369,16973.815439729566
2021-05-27 01:00:00,15463.45,0.8834885314034978,15959.967906561504
2021-05-27 02:00:00,15065.61,0.7589078184271807,15650.903347247538
2021-05-27 03:00:00,14730.77,0.659243248046127,15953.850834752526
2021-05-27 04:00:00,14656.72,0.5097463924745465,15266.393116869545
2021-05-27 05:00:00,14857.02,0.3685549177680537,15442.808690835283
2021-05-27 06:00:00,15347.93,0.26058496652191215,15799.829951944777
2021-05-27 07:00:00,16658.68,0.19414191960120977,17948.170686354024
2021-05-27 08:00:00,18077.49,0.2356688239266488,18652.656983004134
2021-05-27 09:00:00,18721.48,0.21905806219647309,19479.039080509134
2021-05-27 10:00:00,18687.12,0.3104172517124391,19510.091024487465
2021-05-27 11:00:00,18710.63,0.3270280134426147,19274.7986142656
2021-05-27 12:00:00,18819.08,0.4516087264189318,19354.312252846692
2021-05-27 13:00:00,18768.01,0.4765248690141953,19315.906020465427
2021-05-27 14:00:00,18576.9,0.5014410116094586,19141.555352998785
2021-05-27 15:00:00,18265.61,0.5180517733396344,18850.348308350025
2021-05-27 16:00:00,18179.02,0.5014410116094586,19020.0203871141
2021-05-27 17:00:00,18420.04,0.4765248690141953,19293.277208783064
2021-05-27 18:00:00,19048.65,0.4183872029585805,19890.67984940244
2021-05-27 19:00:00,19110.33,0.2771957282520878,21050.528748298366
2021-05-27 20:00:00,18984.39,0.15261501527577073,20866.524937344664
2021-05-27 21:00:00,18905.22,0.05295044489471693,20824.486683884963
2021-05-27 22:00:00,18637.0,0.0031181597041901074,20481.291216186237
2021-05-27 23:00:00,17700.47,-0.07163026808160013,19602.103979354113
2021-05-28 00:00:00,16596.22,-0.13807331500230258,18622.925409961197
2021-05-28 01:00:00,16002.9,-0.17960021932774162,18085.026869948193
2021-05-28 02:00:00,15826.21,-0.25434864711353194,17574.751334589382
2021-05-28 03:00:00,15770.25,-0.32079169403423435,17054.757098929545
2021-05-28 04:00:00,15918.38,-0.33740245576441,16796.95820863697
2021-05-28 05:00:00,16291.03,-0.3290970748993222,17182.41497100817
2021-05-28 06:00:00,16917.89,-0.22943250451826852,17455.279053851777
2021-05-28 07:00:00,18250.25,-0.22943250451826852,18251.396242446142
2021-05-28 08:00:00,19622.12,-0.11315717240703917,19276.02189960294
2021-05-28 09:00:00,19840.99,-0.08824102981177576,20032.66556384828
2021-05-28 10:00:00,19588.67,0.019728921434365814,19790.03087250023
2021-05-28 11:00:00,19551.92,0.12769887268050722,19798.836784755385
2021-05-28 12:00:00,19311.94,0.21075268133138533,19866.076965336386
2021-05-28 13:00:00,19138.09,0.25227958565682435,20286.94831065006
2021-05-28 14:00:00,18734.58,0.3270280134426147,20001.263445367862
2021-05-28 15:00:00,18352.52,0.34363877517279023,19707.906935520637
2021-05-28 16:00:00,18122.44,0.3685549177680537,19704.30958964753
2021-05-28 17:00:00,18222.34,0.37686029863314147,19924.881721305803
2021-05-28 18:00:00,18689.94,0.35194415603787815,20369.213696058512
2021-05-28 19:00:00,18658.49,0.3104172517124391,19781.435044724767
2021-05-28 20:00:00,18341.96,0.19414191960120977,19618.26099410808
2021-05-28 21:00:00,18124.54,0.19414191960120977,18502.945637211727
2021-05-28 22:00:00,18086.52,0.185836538736122,18481.084951120476
2021-05-28 23:00:00,17213.41,0.02803430229945359,17493.263892799707
2021-05-29 00:00:00,16507.94,0.0031181597041901074,16643.086797637257
2021-05-29 01:00:00,16052.96,-0.10485179154195139,16244.164080181958
2021-05-29 02:00:00,15842.67,-0.16298945759756606,15812.9701384585
2021-05-29 03:00:00,15753.36,-0.2377378853833563,15923.67718242033
2021-05-29 04:00:00,15874.06,-0.18790560019282948,16142.44793225023
2021-05-29 05:00:00,16082.82,-0.15468407673247822,16437.04343043146
2021-05-29 06:00:00,16282.94,-0.013492602025985451,16669.718627350252
2021-05-29 07:00:00,16740.44,0.2356688239266488,16828.21294670673
2021-05-29 08:00:00,17313.98,0.37686029863314147,17533.929769399107
2021-05-29 09:00:00,18000.02,0.49313563074437083,17599.324280724566
2021-05-29 10:00:00,18263.93,0.5678840585301611,18155.896468372957
2021-05-29 11:00:00,18348.67,0.6094109628556001,18332.225055366394
2021-05-29 12:00:00,18366.54,0.6924647715064781,18279.498672364472
2021-05-29 13:00:00,18113.07,0.700770152371566,17933.261146799843
2021-05-29 14:00:00,17709.02,0.750602437562093,17363.56615061211
2021-05-29 15:00:00,17179.98,0.7755185801573562,16980.22258558902
2021-05-29 16:00:00,16922.97,0.8087401036177077,16978.359543603638
2021-05-29 17:00:00,17091.91,0.7755185801573562,16980.258074171754
2021-05-29 18:00:00,17586.58,0.7339916758319172,17072.86149644957
2021-05-29 19:00:00,17686.55,0.6426324863159515,17653.651000091922
2021-05-29 20:00:00,17455.28,0.4599141072840196,17163.166608669464
2021-05-29 21:00:00,17332.71,0.3851656794982293,17444.092302294554
2021-05-29 22:00:00,17220.44,0.26058496652191215,17418.85207898424
2021-05-29 23:00:00,16546.3,0.20244730046629755,16466.525932069362
2021-05-30 00:00:00,15938.57,0.03633968316454137,16174.365998861509
2021-05-30 01:00:00,15421.88,0.11108811095033168,15184.814406021487
2021-05-30 02:00:00,15270.63,0.07786658748998042,14943.642145339447
2021-05-30 03:00:00,15152.29,0.0031181597041901074,14971.878082053652
2021-05-30 04:00:00,15133.14,-0.06332488721651235,15161.576409980664
2021-05-30 05:00:00,15409.9,-0.038408744621248936,15388.649593616245
2021-05-30 06:00:00,15453.72,0.1027827300852439,15521.856195162487
2021-05-30 07:00:00,15789.37,0.3104172517124391,15952.458351090707
2021-05-30 08:00:00,16382.52,0.46821948814910735,16654.00160972041
2021-05-30 09:00:00,17222.12,0.617716343720688,17190.624365805157
2021-05-30 10:00:00,17696.67,0.709075533236654,18067.49304231274
2021-05-30 11:00:00,17969.26,0.792129341887532,18219.532137454295
2021-05-30 12:00:00,17984.9,0.8336562462129711,18450.049465261127
2021-05-30 13:00:00,17825.18,0.9000992931336733,18162.463112176367
2021-05-30 14:00:00,17413.76,0.6841593906413905,18187.19563032173
2021-05-30 15:00:00,17133.43,0.659243248046127,17661.654874474832
2021-05-30 16:00:00,17096.33,0.5429679159348977,17832.313775739436
2021-05-30 17:00:00,17581.99,0.4765248690141953,18296.194869341096
2021-05-30 18:00:00,18301.8,0.4765248690141953,18949.66244019109
2021-05-30 19:00:00,18506.35,0.4183872029585805,18764.656544248737
2021-05-30 20:00:00,18381.62,0.3934710603633172,18105.708595796918
2021-05-30 21:00:00,18024.91,0.35194415603787815,17681.55458989778
2021-05-30 22:00:00,17446.31,0.3270280134426147,17674.766692800793
2021-05-30 23:00:00,16407.16,0.28550110911717563,16396.769776088746
2021-05-31 00:00:00,15539.09,0.2439742047917366,15798.08334672697
2021-05-31 01:00:00,15037.01,0.17753115787103405,15300.705514461712
2021-05-31 02:00:00,14857.35,0.185836538736122,15029.83416593701
2021-05-31 03:00:00,14843.96,0.20244730046629755,14704.968719467615
2021-05-31 04:00:00,14903.24,0.21075268133138533,14455.722806878755
2021-05-31 05:00:00,15064.43,0.20244730046629755,14890.449885380081
2021-05-31 06:00:00,15860.77,0.19414191960120977,15583.99994830461
2021-05-31 07:00:00,17400.5,0.2356688239266488,17117.519647396963
2021-05-31 08:00:00,18784.52,0.2938064899822634,18659.794730670932
2021-05-31 09:00:00,19268.43,0.37686029863314147,19521.594059251518
2021-05-31 10:00:00,19279.99,0.49313563074437083,19398.17602989192
2021-05-31 11:00:00,19360.02,0.6260217245857758,19299.262399549872
2021-05-31 12:00:00,19386.59,0.6924647715064781,19270.944233731203
2021-05-31 13:00:00,19194.26,0.792129341887532,18563.710280888026
2021-05-31 14:00:00,18980.47,0.9333208165940248,17884.482667649885
2021-05-31 15:00:00,18242.56,0.9582369591892882,17656.767567366074
2021-05-31 16:00:00,18543.15,0.9582369591892882,17369.29861450717
2021-05-31 17:00:00,18997.59,1.0579015295703418,17705.005978928322
2021-05-31 18:00:00,19613.61,1.0662069104354295,18099.737779540003
2021-05-31 19:00:00,19545.52,0.9582369591892882,18230.84863077855
2021-05-31 20:00:00,19270.93,0.6841593906413905,18251.261355216648
2021-05-31 21:00:00,18886.44,0.5595786776650734,18341.793646058995
2021-05-31 22:00:00,18379.18,0.4848302498792831,17830.723745635765
2021-05-31 23:00:00,17379.76,0.4848302498792831,16552.904939750584
2021-06-01 00:00:00,16112.28,0.43499796468875623,15574.307065336287
2021-06-01 01:00:00,15458.63,0.43499796468875623,15001.430105844065
2021-06-01 02:00:00,15116.81,0.401776441228405,14999.63922757137
2021-06-01 03:00:00,15039.02,0.37686029863314147,14844.237022901925
2021-06-01 04:00:00,14938.12,0.3934710603633172,14979.55412750942
2021-06-01 05:00:00,15088.56,0.4183872029585805,15041.486416064192
2021-06-01 06:00:00,15596.52,0.5429679159348977,15629.194065775142
2021-06-01 07:00:00,17035.63,0.5595786776650734,16889.621803273552
2021-06-01 08:00:00,18217.73,0.6260217245857758,18186.693478328587
2021-06-01 09:00:00,18660.14,0.7339916758319172,18711.641213668303
2021-06-01 10:00:00,18559.22,0.8585723888082343,18550.38405216183
2021-06-01 11:00:00,18534.97,1.008069244379815,18698.065701827523
2021-06-01 12:00:00,18604.09,1.2738414320626248,18645.14770040998
2021-06-01 13:00:00,18526.6,1.298757574657888,18473.762341516813
2021-06-01 14:00:00,18294.35,1.4233382876342051,18546.67774312546
2021-06-01 15:00:00,18048.46,1.2821468129277127,17873.07671285968
2021-06-01 16:00:00,17946.89,1.3735060024436787,17796.665861728765
2021-06-01 17:00:00,18429.64,1.2489252894673615,17954.78724232513
2021-06-01 18:00:00,19105.88,1.1409553382212199,19082.8869686631
2021-06-01 19:00:00,19090.5,1.0828176721656053,19395.39442106284
2021-06-01 20:00:00,18848.47,1.0495961487052539,18974.42695557477
2021-06-01 21:00:00,18559.32,0.9582369591892882,18608.328556248063
2021-06-01 22:00:00,18171.86,0.7173809141017417,18222.303926720928
2021-06-01 23:00:00,16997.21,0.5678840585301611,17414.50401830833
2021-06-02 00:00:00,15893.61,0.700770152371566,15837.085421895075
2021-06-02 01:00:00,15232.62,0.5595786776650734,15222.982584703124
2021-06-02 02:00:00,14820.72,0.46821948814910735,15133.222454488985
2021-06-02 03:00:00,14693.52,0.4765248690141953,14798.922114310099
2021-06-02 04:00:00,14544.47,0.4516087264189318,14796.215862170699
2021-06-02 05:00:00,14646.84,0.5263571542047221,15052.777320293275
2021-06-02 06:00:00,15154.05,0.6509378671810392,15713.135424443224
2021-06-02 07:00:00,16679.26,0.8004347227526197,16959.57083628608
2021-06-02 08:00:00,17926.25,0.9499315783242003,17999.013316107536
2021-06-02 09:00:00,18431.03,1.0412907678401664,18347.81647078752
2021-06-02 10:00:00,18490.78,1.2323145277371856,18051.866592619837
2021-06-02 11:00:00,18567.83,1.3818113833087662,18042.732853219513
2021-06-02 12:00:00,18695.98,1.4648651919596443,18282.991019996512
2021-06-02 13:00:00,18780.67,1.4648651919596443,18702.92131407665
2021-06-02 14:00:00,18665.93,1.5645297623406982,18411.73175269077
2021-06-02 15:00:00,18595.86,1.6060566666661371,18310.24727578093
2021-06-02 16:00:00,18686.13,1.581140524070874,17893.139374883074
2021-06-02 17:00:00,19074.37,1.5396136197454349,18563.053227324148
2021-06-02 18:00:00,19564.74,1.398422145038942,19293.134401895903
2021-06-02 19:00:00,19599.32,1.3319790981182398,18791.42037190748
2021-06-02 20:00:00,19292.96,1.2406199086022736,18680.203652466822
2021-06-02 21:00:00,19105.25,1.1160391956259565,18512.724585887972
2021-06-02 22:00:00,18592.47,1.0412907678401664,17958.508483948026
2021-06-02 23:00:00,17686.37,0.9748477209194638,16738.61827033906
2021-06-03 00:00:00,16403.15,0.8502670079431467,15804.524055440217
2021-06-03 01:00:00,15569.5,0.8253508653478832,15121.576967081644
2021-06-03 02:00:00,15092.48,0.7422970566970051,14612.543657218881
2021-06-03 03:00:00,14767.26,0.6841593906413905,14598.614253012007
2021-06-03 04:00:00,14673.51,0.6758540097763026,14397.812598193503
2021-06-03 05:00:00,14734.38,0.7173809141017417,14280.446905274404
2021-06-03 06:00:00,15172.02,0.6758540097763026,14708.42577282173
2021-06-03 07:00:00,16688.67,0.7256862949668296,16070.717503882004
2021-06-03 08:00:00,17970.33,0.7672131992922686,17554.58986061911
2021-06-03 09:00:00,18593.56,0.7672131992922686,18474.095620377266
2021-06-03 10:00:00,18824.42,0.7838239610224441,18824.1146818529
2021-06-03 11:00:00,18946.52,0.8170454844827952,19002.50052167256
2021-06-03 12:00:00,19022.18,0.750602437562093,19294.161966469488
2021-06-03 13:00:00,19040.36,0.7755185801573562,19476.309740605764
2021-06-03 14:00:00,19089.59,0.7838239610224441,19640.18433049557
2021-06-03 15:00:00,18738.8,0.8751831505384101,19201.422114541496
2021-06-03 16:00:00,18711.64,0.8834885314034978,19260.263903019524
2021-06-03 17:00:00,18993.72,0.9000992931336733,19483.47067717994
2021-06-03 18:00:00,19567.44,0.8834885314034978,19901.94793491736
2021-06-03 19:00:00,19401.3,0.8668777696733222,20366.659486638986
2021-06-03 20:00:00,19089.09,0.8170454844827952,19726.142984232705
2021-06-03 21:00:00,18832.17,0.792129341887532,19296.540009908447
2021-06-03 22:00:00,18516.6,0.8004347227526197,18541.879552590253
2021-06-03 23:00:00,17535.16,0.7838239610224441,17496.874092435937
2021-06-04 00:00:00,16266.57,0.7838239610224441,16315.886745127063
2021-06-04 01:00:00,15470.61,0.750602437562093,15513.109545280762
2021-06-04 02:00:00,14986.29,0.7755185801573562,14930.729443248027
2021-06-04 03:00:00,14717.55,0.7589078184271807,14688.313872020459
2021-06-04 04:00:00,14612.34,0.7589078184271807,14644.689113123159
2021-06-04 05:00:00,14695.08,0.7672131992922686,14872.6692653347
2021-06-04 06:00:00,15143.59,0.7755185801573562,15248.985195568852
2021-06-04 07:00:00,16497.56,0.8004347227526197,16731.300434107427
2021-06-04 08:00:00,18049.03,0.8419616270780588,18028.243301474446
2021-06-04 09:00:00,18767.33,0.9831531017845514,18521.260728068795
2021-06-04 10:00:00,18795.43,1.1243445764910445,18467.423861480776
2021-06-04 11:00:00,19154.68,1.2904521937928006,18547.568068061413
2021-06-04 12:00:00,19120.43,1.3319790981182398,18521.574220534632
2021-06-04 13:00:00,19126.21,1.4482544302294689,18467.108007175673
2021-06-04 14:00:00,19121.73,1.498086715419996,18355.916372381198
2021-06-04 15:00:00,19009.94,1.5894459049359613,18037.13703016335
2021-06-04 16:00:00,19039.66,1.5396136197454349,17786.65228620154
2021-06-04 17:00:00,19255.79,1.40672752590403,18005.858134913273
2021-06-04 18:00:00,19686.31,1.40672752590403,18422.4488539297
2021-06-04 19:00:00,19554.78,1.348589859848415,18283.30387675604
2021-06-04 20:00:00,19004.64,1.21570376600701,17956.66998147895
2021-06-04 21:00:00,18554.01,1.1243445764910445,17779.52515838303
2021-06-04 22:00:00,18301.51,1.0412907678401664,17843.216767879614
2021-06-04 23:00:00,17355.0,1.008069244379815,16814.586303945085
2021-06-05 00:00:00,16322.48,1.0412907678401664,15956.973664490215
2021-06-05 01:00:00,15537.95,0.9914584826496393,14976.61645845285
2021-06-05 02:00:00,15159.8,0.9665423400543759,14552.417691602801
2021-06-05 03:00:00,14912.48,0.9167100548638492,14378.55188354579
2021-06-05 04:00:00,14805.5,0.8585723888082343,14310.700618650975
2021-06-05 05:00:00,14649.68,0.8668777696733222,14387.34084425279
2021-06-05 06:00:00,14587.51,0.9250154357289369,14477.760142690975
2021-06-05 07:00:00,15207.65,1.0412907678401664,14990.788207118292
2021-06-05 08:00:00,16051.65,1.1907876234117467,16112.150311790392
2021-06-05 09:00:00,17073.09,1.3735060024436787,17151.605280841948
2021-06-05 10:00:00,17951.66,1.40672752590403,17927.036675544452
2021-06-05 11:00:00,18463.92,1.431643668499293,18407.48601744674
2021-06-05 12:00:00,18710.6,1.1077338147608686,18567.378285248164
2021-06-05 13:00:00,18682.28,1.265536051197537,18633.152825716115
2021-06-05 14:00:00,18490.28,1.5479190006105223,18498.75529382118
2021-06-05 15:00:00,18162.37,1.581140524070874,18280.123479527345
2021-06-05 16:00:00,18073.04,1.5146974771501711,18217.270815734097
2021-06-05 17:00:00,18327.29,1.099428433895781,18686.74730830953
2021-06-05 18:00:00,18542.01,1.0828176721656053,19235.54001061115
2021-06-05 19:00:00,18488.46,1.0745122913005174,19274.032306270838
2021-06-05 20:00:00,18149.89,1.091123053030693,18599.830570432892
2021-06-05 21:00:00,17963.93,1.0579015295703418,18299.35119567313
2021-06-05 22:00:00,17684.07,0.9831531017845514,17634.53761821895
2021-06-05 23:00:00,17003.64,0.9333208165940248,17140.371477200755
2021-06-06 00:00:00,16176.14,0.9000992931336733,16217.377647580859
2021-06-06 01:00:00,15576.53,0.8917939122685857,15331.28810986879
2021-06-06 02:00:00,14960.69,0.8668777696733222,15037.627878426514
2021-06-06 03:00:00,14742.01,0.9250154357289369,14775.26993582106
2021-06-06 04:00:00,14656.39,0.8668777696733222,14636.480865320942
2021-06-06 05:00:00,14575.38,0.8917939122685857,14547.32510250983
2021-06-06 06:00:00,14539.67,1.0412907678401664,14441.992492423595
2021-06-06 07:00:00,15048.13,1.1243445764910445,15038.059165980161
2021-06-06 08:00:00,16028.41,1.1907876234117467,15920.421139916665
2021-06-06 09:00:00,17203.98,1.265536051197537,16684.396287538442
2021-06-06 10:00:00,18161.75,1.4150329067691179,17368.698969840007
2021-06-06 11:00:00,18883.12,1.5396136197454349,17843.20189859287
2021-06-06 12:00:00,19195.87,1.614362047531225,17996.754569680605
2021-06-06 13:00:00,19383.26,1.8053858074282445,18050.93869293584
2021-06-06 14:00:00,19182.07,1.8469127117536834,17776.54785129164
2021-06-06 15:00:00,18942.37,1.8303019500235083,17607.452766384667
2021-06-06 16:00:00,19082.15,1.9133557586743863,17478.55468272016
2021-06-06 17:00:00,19396.25,1.9133557586743863,17496.272865073817
2021-06-06 18:00:00,19930.39,1.8386073308885955,18196.993602654795
2021-06-06 19:00:00,20223.81,1.7057212370471913,18115.35496410729
2021-06-06 20:00:00,19986.15,1.6475835709915763,18074.969565462867
2021-06-06 21:00:00,19609.2,1.5562243814756103,17853.029355548762
2021-06-06 22:00:00,19527.38,1.5562243814756103,17701.84461458598
2021-06-06 23:00:00,18311.29,1.48147595368982,16821.693037816607
2021-06-07 00:00:00,17020.58,1.431643668499293,15778.009152691566
2021-06-07 01:00:00,16308.82,1.3735060024436787,15104.031469224137
2021-06-07 02:00:00,15821.26,1.3319790981182398,14608.904502572777
2021-06-07 03:00:00,15520.27,1.2821468129277127,14600.770272218544
2021-06-07 04:00:00,15302.81,1.2489252894673615,14437.458969695432
2021-06-07 05:00:00,15442.07,1.21570376600701,14493.410500674292
2021-06-07 06:00:00,15867.72,1.3236737172531516,14720.512711711264
2021-06-07 07:00:00,17420.72,1.40672752590403,15992.774838107003
2021-06-07 08:00:00,19165.99,1.4565598110945568,17593.981784211523
2021-06-07 09:00:00,20007.6,1.5396136197454349,18572.297960166878
2021-06-07 10:00:00,20285.35,1.6808050944519273,19114.32425204955
2021-06-07 11:00:00,20547.19,1.7804696648329814,19701.839689140455
2021-06-07 12:00:00,20922.05,1.8718288543489474,19915.262014076718
2021-06-07 13:00:00,21274.44,1.9382719012696497,20699.89322352964
2021-06-07 14:00:00,21202.56,1.9631880438649127,20729.146100102476
2021-06-07 15:00:00,21159.39,1.9631880438649127,20333.932771133932
2021-06-07 16:00:00,21172.63,1.8801342352140347,20500.959630413643
2021-06-07 17:00:00,21419.22,1.9299665204045615,21173.18817053582
2021-06-07 18:00:00,21768.96,1.8303019500235083,21526.77154335463
2021-06-07 19:00:00,21617.87,1.6808050944519273,21315.26810054925
2021-06-07 20:00:00,21258.04,1.6392781901264883,21035.954727377484
2021-06-07 21:00:00,20629.4,1.581140524070874,20493.241151611266
2021-06-07 22:00:00,20243.03,1.489781334554908,19763.616127198587
2021-06-07 23:00:00,19126.1,1.4731705728247322,18536.00014021634
2021-06-08 00:00:00,17856.5,1.4233382876342051,17901.121677751846
2021-06-08 01:00:00,16956.57,1.3568952407135029,16300.9044561422
2021-06-08 02:00:00,16452.11,1.298757574657888,15929.33439148438
2021-06-08 03:00:00,16025.84,1.2489252894673615,15698.816642796357
2021-06-08 04:00:00,15778.33,1.2738414320626248,15388.419180981979
2021-06-08 05:00:00,15699.83,1.298757574657888,15447.404918052001
2021-06-08 06:00:00,15957.76,1.3735060024436787,15840.131450021046
2021-06-08 07:00:00,17551.64,1.48147595368982,17186.614177548156
2021-06-08 08:00:00,19191.94,1.572835143205786,18932.06928493956
2021-06-08 09:00:00,19928.41,1.6808050944519273,19798.53241201719
2021-06-08 10:00:00,20255.82,1.5977512858010492,19998.020984528386
2021-06-08 11:00:00,20687.38,1.5894459049359613,20098.227859737788
2021-06-08 12:00:00,20985.61,1.6724997135868394,20594.82508105215
2021-06-08 13:00:00,20904.91,1.7555535222377174,20973.788068007165
2021-06-08 14:00:00,21077.32,1.7057212370471913,21037.543246472498
2021-06-08 15:00:00,21184.4,1.6974158561821031,21178.624156995305
2021-06-08 16:00:00,20872.56,1.7721642839678933,20866.834183775994
2021-06-08 17:00:00,20998.4,1.7057212370471913,20759.549577092963
2021-06-08 18:00:00,21337.46,1.5894459049359613,21407.78420440711
2021-06-08 19:00:00,21135.37,1.5063920962850832,21367.336421452597
2021-06-08 20:00:00,20754.37,1.4731705728247322,21548.223109389157
2021-06-08 21:00:00,20403.36,1.398422145038942,20713.334011718962
2021-06-08 22:00:00,19985.95,1.3568952407135029,20830.796604386476
2021-06-08 23:00:00,18757.09,1.340284478983327,19361.93916644627
2021-06-09 00:00:00,17571.28,1.298757574657888,18354.67754479761
2021-06-09 01:00:00,16838.87,1.298757574657888,16907.395263428323
2021-06-09 02:00:00,16242.75,1.2489252894673615,16407.677810956448
2021-06-09 03:00:00,15927.08,1.224009146872098,16069.841275340255
2021-06-09 04:00:00,15722.25,1.174176861681571,15652.82091606213
2021-06-09 05:00:00,15705.93,1.1658714808164834,15674.81068135324
2021-06-09 06:00:00,15975.15,1.2073983851419225,15896.18781840735
2021-06-09 07:00:00,17267.43,1.224009146872098,17492.363059788368
2021-06-09 08:00:00,18848.43,1.298757574657888,18891.808049558567
2021-06-09 09:00:00,19595.97,1.3735060024436787,19730.086807973177
2021-06-09 10:00:00,19860.65,1.4648651919596443,19491.192351457314
2021-06-09 11:00:00,19886.95,1.531308238880347,19752.213081977225
2021-06-09 12:00:00,20021.81,1.6309728092614004,19868.000013368473
2021-06-09 13:00:00,20050.85,1.572835143205786,20370.677473875883
2021-06-09 14:00:00,20046.37,1.7306373796424543,20436.111549698104
2021-06-09 15:00:00,19923.63,1.7721642839678933,20345.365315470335
2021-06-09 16:00:00,19973.45,1.7638589031028054,20167.043242097738
2021-06-09 17:00:00,20194.83,1.7057212370471913,20414.28907933962
2021-06-09 18:00:00,20598.52,1.6309728092614004,20831.019970610658
2021-06-09 19:00:00,20319.6,1.5146974771501711,20899.899766974508
2021-06-09 20:00:00,19952.57,1.2904521937928006,20667.073467051618
2021-06-09 21:00:00,19459.28,1.2489252894673615,20022.317068453835
2021-06-09 22:00:00,18981.09,1.132649957356132,19514.800845941274
2021-06-09 23:00:00,17789.17,1.0412907678401664,18446.17609302827
2021-06-10 00:00:00,16484.81,0.8668777696733222,17261.024864442585
2021-06-10 01:00:00,15808.82,0.8087401036177077,16533.428744185258
2021-06-10 02:00:00,15418.23,0.7256862949668296,16022.197380754738
2021-06-10 03:00:00,15182.19,0.6260217245857758,15809.14662128868
2021-06-10 04:00:00,14835.13,0.5512732967999855,15509.487447432633
2021-06-10 05:00:00,15051.26,0.5097463924745465,15599.10354090739
2021-06-10 06:00:00,15480.69,0.5928002011254245,15732.893624217535
2021-06-10 07:00:00,16622.98,0.6509378671810392,16985.10165140938
2021-06-10 08:00:00,17994.78,0.6841593906413905,18433.31814441211
2021-06-10 09:00:00,18471.57,0.8004347227526197,19389.671065234863
2021-06-10 10:00:00,18542.74,0.8170454844827952,19951.468232931704
2021-06-10 11:00:00,18747.42,0.8751831505384101,20006.605655840773
2021-06-10 12:00:00,18807.19,0.9416261974591124,19997.72769917506
2021-06-10 13:00:00,18616.62,0.9997638635147272,19805.6260739667
2021-06-10 14:00:00,18537.17,1.091123053030693,19860.820858968862
2021-06-10 15:00:00,18386.69,1.0412907678401664,19566.523644563615
2021-06-10 16:00:00,18320.62,1.099428433895781,19452.097183200858
2021-06-10 17:00:00,18623.45,1.1575660999513955,19527.686502278713
2021-06-10 18:00:00,18944.81,1.0745122913005174,19963.996043359843
2021-06-10 19:00:00,19020.88,1.0745122913005174,19645.697128335876
2021-06-10 20:00:00,18801.25,0.9997638635147272,19411.958662834164
2021-06-10 21:00:00,18790.09,0.9831531017845514,18920.685812342497
2021-06-10 22:00:00,18449.38,0.9582369591892882,18720.880588492175
2021-06-10 23:00:00,17414.43,0.9167100548638492,17334.29907582043
2021-06-11 00:00:00,16274.27,0.8751831505384101,16300.869761304335
2021-06-11 01:00:00,15625.06,0.7256862949668296,16088.262087152429
2021-06-11 02:00:00,15223.97,0.6343271054508636,15709.528145853179
2021-06-11 03:00:00,15049.03,0.750602437562093,15283.363476429948
2021-06-11 04:00:00,14921.48,0.659243248046127,14880.35872707498
2021-06-11 05:00:00,15083.97,0.6426324863159515,15324.405493129763
2021-06-11 06:00:00,15502.85,0.709075533236654,15664.938551276866
2021-06-11 07:00:00,16887.88,0.8170454844827952,16905.13091718992
2021-06-11 08:00:00,18223.51,1.008069244379815,18320.60716701833
2021-06-11 09:00:00,18874.83,1.0329853869750785,18831.46278421296
2021-06-11 10:00:00,18993.79,1.091123053030693,19036.94858758392
2021-06-11 11:00:00,19107.17,1.174176861681571,19309.47863013993
2021-06-11 12:00:00,19150.78,1.2323145277371856,19299.677858801308
2021-06-11 13:00:00,19044.31,1.2323145277371856,18705.524963563712
2021-06-11 14:00:00,18825.37,1.21570376600701,18974.73072048483
2021-06-11 15:00:00,18536.61,1.298757574657888,18773.567999511037
2021-06-11 16:00:00,18673.16,1.3153683363880637,18272.677837796073
2021-06-11 17:00:00,18853.22,1.3236737172531516,18482.844822349998
2021-06-11 18:00:00,19229.41,1.2406199086022736,18993.965284211044
2021-06-11 19:00:00,18898.3,1.2323145277371856,18811.719076978843
2021-06-11 20:00:00,18531.83,1.0745122913005174,18542.829884169536
2021-06-11 21:00:00,18227.33,0.9914584826496393,18375.04662934639
2021-06-11 22:00:00,18079.8,0.9416261974591124,18054.194673354028
2021-06-11 23:00:00,17418.29,0.8004347227526197,17490.24260637591
2021-06-12 00:00:00,16561.74,0.7838239610224441,16223.655230438517
2021-06-12 01:00:00,15943.54,0.6924647715064781,15524.199040951517
2021-06-12 02:00:00,15448.23,0.6841593906413905,15020.148022920204
2021-06-12 03:00:00,15060.43,0.5928002011254245,14994.14602725025
2021-06-12 04:00:00,14928.99,0.43499796468875623,14901.279717743386
2021-06-12 05:00:00,14913.02,0.5014410116094586,15131.181650634382
2021-06-12 06:00:00,14970.02,0.617716343720688,15188.892606885682
2021-06-12 07:00:00,15513.57,0.750602437562093,15915.035017630667
2021-06-12 08:00:00,16501.11,0.8751831505384101,16649.006194341648
2021-06-12 09:00:00,17438.82,1.0745122913005174,17376.929877452345
2021-06-12 10:00:00,18002.25,1.2323145277371856,17899.91120624438
2021-06-12 11:00:00,18282.2,1.298757574657888,18157.73566964761
2021-06-12 12:00:00,18197.19,1.3735060024436787,18271.447997044186
2021-06-12 13:00:00,18161.75,1.4150329067691179,18054.816604167925
2021-06-12 14:00:00,17963.59,1.48147595368982,17844.72797750543
2021-06-12 15:00:00,17758.25,1.4565598110945568,17557.18095638651
2021-06-12 16:00:00,17713.18,1.531308238880347,17609.399353497534
2021-06-12 17:00:00,17939.08,1.5063920962850832,18043.958153009757
2021-06-12 18:00:00,18190.68,1.4150329067691179,18159.04187459988
2021-06-12 19:00:00,18079.06,1.3153683363880637,17878.090136580464
2021-06-12 20:00:00,17755.92,1.1077338147608686,17497.1026058932
2021-06-12 21:00:00,17443.57,1.174176861681571,17426.437064855196
2021-06-12 22:00:00,17405.02,1.0662069104354295,17527.300440146417
2021-06-12 23:00:00,16783.28,0.9831531017845514,16844.537762065098
2021-06-13 00:00:00,15868.11,0.8585723888082343,16253.506628644445
2021-06-13 01:00:00,15196.01,0.7589078184271807,15829.431797953033
2021-06-13 02:00:00,14772.89,0.7755185801573562,15347.577243946414
2021-06-13 03:00:00,14524.62,0.709075533236654,14991.222643679399
2021-06-13 04:00:00,14459.25,0.709075533236654,14683.740781843899
2021-06-13 05:00:00,14407.59,0.5761894393952489,14521.47263674986
2021-06-13 06:00:00,14446.3,0.8087401036177077,14525.950003092448
2021-06-13 07:00:00,14934.1,0.9831531017845514,15083.018662309347
2021-06-13 08:00:00,15907.0,1.1243445764910445,16236.403331703428
2021-06-13 09:00:00,16809.59,1.182482242546659,17328.620874586228
2021-06-13 10:00:00,17609.28,1.390116764173854,18136.925261496384
2021-06-13 11:00:00,18017.49,1.5063920962850832,18441.32756469857
2021-06-13 12:00:00,18262.86,1.6226674283963132,18671.73857742555
2021-06-13 13:00:00,18397.38,1.664194332721752,18542.4056713142
2021-06-13 14:00:00,18215.03,1.614362047531225,18462.67354356299
2021-06-13 15:00:00,17939.18,1.6392781901264883,18063.886012697807
2021-06-13 16:00:00,18051.37,1.6891104753170152,17886.18093943242
2021-06-13 17:00:00,18488.85,1.664194332721752,18246.186306130006
2021-06-13 18:00:00,19087.25,1.572835143205786,18604.664385569038
2021-06-13 19:00:00,19035.47,1.523002858015259,18813.490748377495
2021-06-13 20:00:00,18840.98,1.390116764173854,18300.02977467884
2021-06-13 21:00:00,18821.86,1.3818113833087662,18043.369115033733
2021-06-13 22:00:00,18409.56,1.2821468129277127,17929.50069368334
2021-06-13 23:00:00,17420.3,1.2738414320626248,17130.878666860455
2021-06-14 00:00:00,16295.77,0.9499315783242003,16009.772673531961
2021-06-14 01:00:00,15518.03,0.8502670079431467,15468.506777097631
2021-06-14 02:00:00,15214.13,0.8336562462129711,14986.081496873167
2021-06-14 03:00:00,14980.23,0.8170454844827952,14671.856605424295
2021-06-14 04:00:00,14907.4,0.8170454844827952,14543.448360010594
2021-06-14 05:00:00,15089.44,0.8502670079431467,14518.3555750157
2021-06-14 06:00:00,15548.91,0.8668777696733222,14942.782326709394
2021-06-14 07:00:00,16748.17,0.8585723888082343,16236.695185673338
2021-06-14 08:00:00,18145.06,0.8751831505384101,17877.59410757349
2021-06-14 09:00:00,18749.7,0.8502670079431467,18752.487556821245
2021-06-14 10:00:00,19061.92,0.9416261974591124,19024.44868436634
2021-06-14 11:00:00,19161.58,1.0412907678401664,19325.45175035774
2021-06-14 12:00:00,19418.73,1.1907876234117467,19387.110006690073
2021-06-14 13:00:00,19448.73,1.1907876234117467,19354.612145728363
2021-06-14 14:00:00,19477.22,1.132649957356132,19378.32699519376
2021-06-14 15:00:00,19250.42,1.2489252894673615,18768.713721561868
2021-06-14 16:00:00,19088.46,1.2489252894673615,19317.99284445358
2021-06-14 17:00:00,19486.74,1.091123053030693,19868.21877171908
2021-06-14 18:00:00,19902.26,0.9167100548638492,20494.628129239154
2021-06-14 19:00:00,19906.98,0.792129341887532,20203.142814356215
2021-06-14 20:00:00,19649.45,0.8004347227526197,19890.172645043425
2021-06-14 21:00:00,19173.13,0.8087401036177077,19386.508534874974
2021-06-14 22:00:00,18450.43,0.8170454844827952,18451.04710799546
2021-06-14 23:00:00,17435.3,0.792129341887532,17372.479412374076
2021-06-15 00:00:00,16315.88,0.8087401036177077,16184.015621589328
2021-06-15 01:00:00,15662.17,0.7838239610224441,15525.492255725652
2021-06-15 02:00:00,15255.64,0.7755185801573562,15173.11229089784
2021-06-15 03:00:00,14803.86,0.750602437562093,14922.875004981615
2021-06-15 04:00:00,14706.31,0.7755185801573562,14902.766168644106
2021-06-15 05:00:00,14730.37,0.7422970566970051,15035.064881912644
2021-06-15 06:00:00,15033.72,0.792129341887532,15603.78478888555
2021-06-15 07:00:00,16392.91,0.8087401036177077,17104.66776842363
2021-06-15 08:00:00,17684.0,0.8668777696733222,18537.840218398505
2021-06-15 09:00:00,17957.26,0.9582369591892882,18843.569582826414
2021-06-15 10:00:00,18368.64,1.0579015295703418,18727.78762122748
2021-06-15 11:00:00,18592.39,1.1575660999513955,18709.923349084835
2021-06-15 12:00:00,18772.11,1.2323145277371856,18767.928110548182
2021-06-15 13:00:00,18780.05,1.1907876234117467,18940.544942773726
2021-06-15 14:00:00,18804.17,1.0828176721656053,18942.283200262955
2021-06-15 15:00:00,18527.1,0.8834885314034978,19057.801325243356
2021-06-15 16:00:00,18423.43,0.9250154357289369,18846.508247253994
2021-06-15 17:00:00,18559.6,0.9000992931336733,19341.948060998053
2021-06-15 18:00:00,19059.18,0.8087401036177077,19888.551657998876
2021-06-15 19:00:00,19013.38,0.8170454844827952,19901.85286450331
2021-06-15 20:00:00,18561.84,0.6758540097763026,19785.079186293384
2021-06-15 21:00:00,18251.86,0.6509378671810392,19390.085274033663
2021-06-15 22:00:00,18006.01,0.5928002011254245,18590.924154080058
2021-06-15 23:00:00,17115.97,0.5844948202603367,17613.26218493401
2021-06-16 00:00:00,15900.24,0.4848302498792831,16675.941673847778
2021-06-16 01:00:00,15211.74,0.41008182209349275,15851.474698014801
2021-06-16 02:00:00,14894.03,0.35194415603787815,15511.355783262665
2021-06-16 03:00:00,14757.21,0.22736344306156103,15127.477944908762
2021-06-16 04:00:00,14710.19,0.21905806219647309,15185.719065689285
2021-06-16 05:00:00,14805.32,0.28550110911717563,15501.668865898966
2021-06-16 06:00:00,15293.45,0.3934710603633172,16052.640768645659
2021-06-16 07:00:00,16681.47,0.43499796468875623,17333.561736560714
2021-06-16 08:00:00,18001.02,0.5512732967999855,18267.323191882017
2021-06-16 09:00:00,18473.91,0.709075533236654,18393.118435966553
2021-06-16 10:00:00,18414.55,0.8668777696733222,18666.357427026025
2021-06-16 11:00:00,18251.84,0.9084046739987612,18785.690528423453
2021-06-16 12:00:00,18510.74,0.8917939122685857,18866.661661364637
2021-06-16 13:00:00,18391.99,0.9665423400543759,18741.09916638843
2021-06-16 14:00:00,18221.78,1.0828176721656053,18646.375410459812
2021-06-16 15:00:00,17912.44,1.0495961487052539,18511.570984452497
2021-06-16 16:00:00,17952.25,1.1160391956259565,18273.23345963286
2021-06-16 17:00:00,18380.75,1.0579015295703418,18450.400644107296
2021-06-16 18:00:00,18938.26,1.0412907678401664,18749.244406291356
2021-06-16 19:00:00,18694.93,0.9665423400543759,18744.322729901447
2021-06-16 20:00:00,18572.19,0.8419616270780588,18335.033167391255
2021-06-16 21:00:00,18479.92,0.7256862949668296,18114.049428763366
2021-06-16 22:00:00,18201.11,0.6841593906413905,18111.930963372895
2021-06-16 23:00:00,17254.0,0.5180517733396344,17289.649113557167
2021-06-17 00:00:00,16339.59,0.46821948814910735,16143.306014646698
2021-06-17 01:00:00,15629.8,0.401776441228405,15653.358100342854
2021-06-17 02:00:00,15227.0,0.3270280134426147,15273.746123966379
2021-06-17 03:00:00,14932.04,0.3934710603633172,14969.80836745221
2021-06-17 04:00:00,14891.0,0.35194415603787815,14851.10698878127
2021-06-17 05:00:00,14959.85,0.41008182209349275,14757.231012532806
2021-06-17 06:00:00,15483.81,0.5678840585301611,14999.531570097892
2021-06-17 07:00:00,16720.7,0.6758540097763026,16309.29315452548
2021-06-17 08:00:00,18153.71,0.8087401036177077,17715.51722135809
2021-06-17 09:00:00,18481.15,0.9000992931336733,18161.247240674315
2021-06-17 10:00:00,18465.9,0.9665423400543759,18438.542495191658
2021-06-17 11:00:00,18487.41,1.0495961487052539,18388.567577219623
2021-06-17 12:00:00,18696.77,1.21570376600701,18488.38435597347
2021-06-17 13:00:00,18549.93,1.21570376600701,18270.99138264655
2021-06-17 14:00:00,18360.85,1.3319790981182398,17919.926686123596
2021-06-17 15:00:00,18172.67,1.3568952407135029,17777.09298967887
2021-06-17 16:00:00,18432.87,1.3818113833087662,18081.56101305774
2021-06-17 17:00:00,18621.83,1.40672752590403,18091.49867729445
2021-06-17 18:00:00,19066.83,1.390116764173854,18694.442766099797
2021-06-17 19:00:00,19077.73,1.2904521937928006,18409.3480817727
2021-06-17 20:00:00,19015.42,1.1077338147608686,18072.039349550145
2021-06-17 21:00:00,18724.85,1.0163746252449029,18476.023232098836
2021-06-17 22:00:00,18499.85,0.9582369591892882,18222.036691611658
2021-06-17 23:00:00,17540.79,0.8751831505384101,17290.624230283265
2021-06-18 00:00:00,16331.82,0.8004347227526197,16175.28726817114
2021-06-18 01:00:00,15562.45,0.750602437562093,15278.937698024558
2021-06-18 02:00:00,15095.17,0.7422970566970051,14890.057471477945
2021-06-18 03:00:00,14968.6,0.7422970566970051,14680.724146730076
2021-06-18 04:00:00,14810.35,0.750602437562093,14613.894431305207
2021-06-18 05:00:00,14795.62,0.7589078184271807,14877.08265930557
2021-06-18 06:00:00,15169.85,0.8336562462129711,15387.192126095406
2021-06-18 07:00:00,16605.99,0.8834885314034978,16397.7861151815
2021-06-18 08:00:00,17988.3,1.1077338147608686,17832.638685302718
2021-06-18 09:00:00,18650.52,1.265536051197537,18486.644433500744
2021-06-18 10:00:00,18923.46,1.3818113833087662,18880.757847133922
2021-06-18 11:00:00,18987.25,1.3153683363880637,19043.787183035594
2021-06-18 12:00:00,19042.91,1.3153683363880637,19228.982850881406
2021-06-18 13:00:00,18886.55,1.431643668499293,19058.373275401857
2021-06-18 14:00:00,18763.6,1.0828176721656053,18750.209941797544
2021-06-18 15:00:00,18690.39,1.224009146872098,18725.719990339516
2021-06-18 16:00:00,18431.29,1.0745122913005174,18749.85254540466
2021-06-18 17:00:00,18617.88,0.9416261974591124,18986.162414401293
2021-06-18 18:00:00,19160.55,0.8917939122685857,19314.83852182012
2021-06-18 19:00:00,18969.39,0.8917939122685857,19280.703954664445
2021-06-18 20:00:00,18768.88,0.8502670079431467,18895.206819638257
2021-06-18 21:00:00,18499.72,0.8004347227526197,18342.688835018653
2021-06-18 22:00:00,18014.55,0.8170454844827952,18306.365603623763
2021-06-18 23:00:00,17282.32,0.8004347227526197,17456.105186295874
2021-06-19 00:00:00,16433.52,0.8087401036177077,16513.715904161425
2021-06-19 01:00:00,15686.26,0.8087401036177077,15600.364642462455
2021-06-19 02:00:00,15231.49,0.792129341887532,15057.244811582015
2021-06-19 03:00:00,15005.89,0.7589078184271807,14741.422398493876
2021-06-19 04:00:00,14736.42,0.7755185801573562,14659.636214277147
2021-06-19 05:00:00,14725.81,0.8087401036177077,14271.723658253712
2021-06-19 06:00:00,14688.26,0.8668777696733222,14336.583004891352
2021-06-19 07:00:00,15068.08,1.008069244379815,15231.250598764656
2021-06-19 08:00:00,15886.68,1.1575660999513955,16137.91192607566
2021-06-19 09:00:00,17028.31,1.2738414320626248,16841.102583702672
2021-06-19 10:00:00,17873.19,1.3319790981182398,17507.59167113005
2021-06-19 11:00:00,18335.81,1.4233382876342051,17760.75543187199
2021-06-19 12:00:00,18558.47,1.3568952407135029,17946.98614682914
2021-06-19 13:00:00,18520.55,1.48147595368982,17948.25606803468
2021-06-19 14:00:00,18249.16,1.498086715419996,17807.310446510186
2021-06-19 15:00:00,18053.66,1.398422145038942,17808.751297519102
2021-06-19 16:00:00,17868.91,1.4482544302294689,17685.391861010507
2021-06-19 17:00:00,17941.71,1.40672752590403,17975.566747147666
2021-06-19 18:00:00,18229.18,1.390116764173854,18419.20568991754
2021-06-19 19:00:00,18179.31,1.307062955522976,18134.5245678613
2021-06-19 20:00:00,17958.89,1.1409553382212199,18079.53955474413
2021-06-19 21:00:00,17594.22,1.091123053030693,17945.07697755016
2021-06-19 22:00:00,17471.21,0.9748477209194638,17578.06856081497
2021-06-19 23:00:00,16937.57,0.8004347227526197,16873.37857203992
2021-06-20 00:00:00,16111.23,0.8668777696733222,16123.714975497593
2021-06-20 01:00:00,15433.2,0.7589078184271807,15312.263966753393
2021-06-20 02:00:00,14809.12,0.8419616270780588,15000.82399912435
2021-06-20 03:00:00,14587.76,0.8004347227526197,14873.039416712907
2021-06-20 04:00:00,14375.21,0.7672131992922686,14657.294211966973
2021-06-20 05:00:00,14284.03,0.700770152371566,14696.493974171235
2021-06-20 06:00:00,14255.14,0.8668777696733222,14604.33528729806
2021-06-20 07:00:00,14772.21,0.9997638635147272,15059.421740050875
2021-06-20 08:00:00,15727.31,1.1077338147608686,15945.733170659898
2021-06-20 09:00:00,16884.26,1.1658714808164834,17038.858434267197
2021-06-20 10:00:00,17658.3,1.2489252894673615,18081.207041193815
2021-06-20 11:00:00,18066.0,1.398422145038942,18490.307277931784
2021-06-20 12:00:00,18354.4,1.4731705728247322,18757.34579907257
2021-06-20 13:00:00,18485.19,1.5396136197454349,18686.304544096467
2021-06-20 14:00:00,18222.51,1.6060566666661371,18184.009655897906
2021-06-20 15:00:00,18137.43,1.614362047531225,18087.769823989187
2021-06-20 16:00:00,18099.35,1.6226674283963132,18015.424676324907
2021-06-20 17:00:00,18596.36,1.581140524070874,18444.3995896497
2021-06-20 18:00:00,18990.58,1.5562243814756103,18919.79584142337
2021-06-20 19:00:00,19140.92,1.431643668499293,18892.512166916276
2021-06-20 20:00:00,18961.2,1.2738414320626248,18649.989299604786
2021-06-20 21:00:00,18651.29,1.224009146872098,18275.3389782911
2021-06-20 22:00:00,18400.1,1.1990930042768346,18014.176947821597
2021-06-20 23:00:00,17430.63,1.0662069104354295,17265.181445795548
2021-06-21 00:00:00,16484.85,1.0412907678401664,16196.05209202652
2021-06-21 01:00:00,15624.76,1.0662069104354295,15749.638544595635
2021-06-21 02:00:00,15121.26,0.9250154357289369,15138.762467073759
2021-06-21 03:00:00,14984.29,1.0246800061099905,14965.425795071958
2021-06-21 04:00:00,14829.87,0.9831531017845514,14663.160705608461
2021-06-21 05:00:00,14866.75,1.0246800061099905,14761.726012836827
2021-06-21 06:00:00,15398.91,1.1243445764910445,15053.215010249894
2021-06-21 07:00:00,16755.23,1.1409553382212199,16287.595703657802
2021-06-21 08:00:00,18298.69,1.1658714808164834,17881.100418554608
2021-06-21 09:00:00,18953.99,1.2572306703324492,18919.753944849937
2021-06-21 10:00:00,19156.55,1.1990930042768346,18985.005332816578
2021-06-21 11:00:00,19454.94,1.40672752590403,19267.067729533275
2021-06-21 12:00:00,19682.78,1.7638589031028054,19807.16577354013
2021-06-21 13:00:00,19951.94,1.6891104753170152,19763.074454518824
2021-06-21 14:00:00,20176.13,1.4482544302294689,19556.043455416595
2021-06-21 15:00:00,20358.84,1.581140524070874,19549.168046122733
2021-06-21 16:00:00,20432.79,1.572835143205786,19863.514178446047
2021-06-21 17:00:00,20621.12,1.6392781901264883,19952.0512682886
2021-06-21 18:00:00,21097.53,1.6309728092614004,20783.88916019448
2021-06-21 19:00:00,20985.93,1.5562243814756103,20432.525434411415
2021-06-21 20:00:00,20389.41,1.4565598110945568,20610.111912909273
2021-06-21 21:00:00,19843.55,1.439949049364381,20005.584018821726
2021-06-21 22:00:00,19387.83,1.3319790981182398,19286.357783982312
2021-06-21 23:00:00,18324.01,1.174176861681571,17998.064954441677
2021-06-22 00:00:00,17076.52,1.1658714808164834,16832.32268802401
2021-06-22 01:00:00,16235.18,1.132649957356132,15862.954371071242
2021-06-22 02:00:00,15835.65,1.0495961487052539,15417.360810570668
2021-06-22 03:00:00,15472.55,0.9748477209194638,15238.961135058751
2021-06-22 04:00:00,15283.17,0.7755185801573562,14817.472388393277
2021-06-22 05:00:00,15254.12,0.6011055819905124,14728.550938632858
2021-06-22 06:00:00,15626.51,0.49313563074437083,15262.76599349383
2021-06-22 07:00:00,16827.02,0.43499796468875623,16728.923158823032
2021-06-22 08:00:00,17960.78,0.3934710603633172,17946.675958438842
2021-06-22 09:00:00,18385.45,0.4516087264189318,18625.564564599685
2021-06-22 10:00:00,18441.96,0.5346625350698099,18710.263589711278
2021-06-22 11:00:00,18286.6,0.5512732967999855,18969.241331744353
2021-06-22 12:00:00,18324.45,0.5928002011254245,18997.774151039295
2021-06-22 13:00:00,18381.61,0.7838239610224441,19332.520521194274
2021-06-22 14:00:00,18239.3,0.7755185801573562,19366.784948450564
2021-06-22 15:00:00,17868.45,0.7422970566970051,19127.902165017415
2021-06-22 16:00:00,17971.9,0.709075533236654,18776.417960716164
2021-06-22 17:00:00,18360.11,0.6758540097763026,19251.601181973525
2021-06-22 18:00:00,18916.74,0.6509378671810392,19726.305554515857
2021-06-22 19:00:00,18686.55,0.6260217245857758,19702.553069962847
2021-06-22 20:00:00,18578.48,0.5097463924745465,19064.824193583576
2021-06-22 21:00:00,18254.48,0.4765248690141953,18739.59707962762
2021-06-22 22:00:00,18041.31,0.43499796468875623,18438.468861977923
2021-06-22 23:00:00,17200.03,0.3353333943077024,17738.992631332287
2021-06-23 00:00:00,16267.7,0.2439742047917366,16852.98411741678
2021-06-23 01:00:00,15505.53,0.26058496652191215,16117.66402673718
2021-06-23 02:00:00,15166.28,0.2688903473870001,15720.328833955415
2021-06-23 03:00:00,14966.39,0.16922577700594627,15574.773416939028
2021-06-23 04:00:00,14864.55,0.14430963441068295,15516.194598429132
2021-06-23 05:00:00,14996.56,0.16092039614085848,15724.082673003859
2021-06-23 06:00:00,15348.51,0.401776441228405,16082.96352241762
2021-06-23 07:00:00,16615.55,0.5595786776650734,17116.961899624897
2021-06-23 08:00:00,17865.46,0.6675486289112149,18304.96636443901
2021-06-23 09:00:00,18563.21,0.7838239610224441,18597.271304975435
2021-06-23 10:00:00,18903.85,0.7838239610224441,18546.89145323193
2021-06-23 11:00:00,18750.65,0.9250154357289369,18257.421402354168
2021-06-23 12:00:00,18853.43,0.9499315783242003,18320.770730503686
2021-06-23 13:00:00,18738.45,1.0246800061099905,18283.282438778726
2021-06-23 14:00:00,18470.33,0.9997638635147272,18283.079565296455
2021-06-23 15:00:00,18126.41,0.9997638635147272,18098.489011213744
2021-06-23 16:00:00,18000.54,1.1243445764910445,18153.769349025664
2021-06-23 17:00:00,18298.97,1.0745122913005174,18683.031404688263
2021-06-23 18:00:00,18496.68,1.0745122913005174,18888.578564402655
2021-06-23 19:00:00,18303.41,0.9831531017845514,18599.574320020034
2021-06-23 20:00:00,17901.99,0.8834885314034978,18375.37810462945
2021-06-23 21:00:00,17573.14,0.8751831505384101,18239.030617475095
2021-06-23 22:00:00,17512.86,0.8170454844827952,18175.809900425516
2021-06-23 23:00:00,16859.58,0.7173809141017417,17313.123047466393
2021-06-24 00:00:00,15836.0,0.6758540097763026,16185.027575044682
2021-06-24 01:00:00,15164.88,0.6426324863159515,15711.912605457926
2021-06-24 02:00:00,14714.74,0.6426324863159515,15223.689597086175
2021-06-24 03:00:00,14426.16,0.6343271054508636,14781.683888519963
2021-06-24 04:00:00,14231.36,0.4516087264189318,14787.386671896744
2021-06-24 05:00:00,14261.1,0.4183872029585805,14743.133119756489
2021-06-24 06:00:00,14382.98,0.5346625350698099,15098.9076522746
2021-06-24 07:00:00,14932.38,0.7339916758319172,16278.600389849164
2021-06-24 08:00:00,15708.67,1.0246800061099905,17744.30519060781
2021-06-24 09:00:00,16555.48,1.182482242546659,18398.947127850053
2021-06-24 10:00:00,17225.87,1.3568952407135029,18451.67071478592
2021-06-24 11:00:00,17558.99,1.439949049364381,18459.669182702262
2021-06-24 12:00:00,17761.83,1.5396136197454349,18561.40820422395
2021-06-24 13:00:00,17660.22,1.581140524070874,18750.675258916228
2021-06-24 14:00:00,17460.69,1.6392781901264883,18655.57932924716
2021-06-24 15:00:00,17257.33,1.6558889518566642,18531.350715205426
2021-06-24 16:00:00,17311.14,1.6558889518566642,18297.60660433936
2021-06-24 17:00:00,17576.08,1.581140524070874,18316.591918112914
2021-06-24 18:00:00,18095.75,1.4731705728247322,18526.48886032046
2021-06-24 19:00:00,18024.73,1.3735060024436787,18887.8117507231
2021-06-24 20:00:00,17747.1,1.2904521937928006,18505.104556417937
2021-06-24 21:00:00,17380.02,1.2406199086022736,18100.92575804292
2021-06-24 22:00:00,17308.47,1.1658714808164834,18205.001948719335
2021-06-24 23:00:00,16574.43,1.1243445764910445,17550.80981373293
2021-06-25 00:00:00,15782.06,1.0745122913005174,16241.999081680833
2021-06-25 01:00:00,15246.39,0.9997638635147272,15625.99520909846
2021-06-25 02:00:00,14706.28,0.9499315783242003,15075.14150129736
2021-06-25 03:00:00,14505.79,0.9084046739987612,14658.182854113778
2021-06-25 04:00:00,14420.09,0.8751831505384101,14407.809322760604
2021-06-25 05:00:00,14441.53,0.8419616270780588,14370.166207423152
2021-06-25 06:00:00,14700.61,0.8419616270780588,14608.64868266401
2021-06-25 07:00:00,15816.38,0.9167100548638492,15498.713339284006
2021-06-25 08:00:00,16947.8,1.0412907678401664,16673.039345699708
2021-06-25 09:00:00,17741.85,1.2073983851419225,17539.055199618237
2021-06-25 10:00:00,18422.31,1.2323145277371856,18182.348516955848
2021-06-25 11:00:00,18525.6,1.348589859848415,18828.093560739184
2021-06-25 12:00:00,18684.6,1.4150329067691179,19169.380601282115
2021-06-25 13:00:00,18819.1,1.390116764173854,18681.893812127975
2021-06-25 14:00:00,18869.02,1.489781334554908,18923.380511475036
2021-06-25 15:00:00,18689.04,1.48147595368982,18961.91775181211
2021-06-25 16:00:00,18570.94,1.4648651919596443,18836.152294258267
2021-06-25 17:00:00,18670.49,1.4233382876342051,18915.79464076455
2021-06-25 18:00:00,18791.04,1.398422145038942,19211.078448440167
2021-06-25 19:00:00,18643.3,1.340284478983327,18859.330699470916
2021-06-25 20:00:00,18410.57,1.2904521937928006,18388.762483036546
2021-06-25 21:00:00,18249.27,1.224009146872098,17715.957664757665
2021-06-25 22:00:00,17908.57,1.1907876234117467,17643.971897132415
2021-06-25 23:00:00,17239.43,1.132649957356132,16856.885869944865
2021-06-26 00:00:00,16273.94,1.1492607190863076,16031.117790077367
2021-06-26 01:00:00,15501.81,1.1160391956259565,15367.500713626712
2021-06-26 02:00:00,15207.52,1.0662069104354295,14783.384460022657
2021-06-26 03:00:00,14884.72,0.9914584826496393,14425.7107525198
2021-06-26 04:00:00,14707.71,0.9582369591892882,14309.825409886085
2021-06-26 05:00:00,14708.05,0.9084046739987612,14218.002904349822
2021-06-26 06:00:00,14783.23,0.8751831505384101,14159.060361049747
2021-06-26 07:00:00,15271.39,0.8419616270780588,14611.993364521892
2021-06-26 08:00:00,15992.53,0.8253508653478832,15330.37091245383
2021-06-26 09:00:00,16890.96,0.8253508653478832,16485.047283208452
2021-06-26 10:00:00,17610.22,0.8087401036177077,17536.378320269407
2021-06-26 11:00:00,18238.54,0.8751831505384101,17764.629394523912
2021-06-26 12:00:00,18573.32,0.9167100548638492,17931.46628300727
2021-06-26 13:00:00,18634.46,1.0412907678401664,17942.219506446403
2021-06-26 14:00:00,18271.77,1.1243445764910445,17540.60141203709
2021-06-26 15:00:00,17924.7,1.2323145277371856,17548.66199800091
2021-06-26 16:00:00,17646.22,1.307062955522976,17397.56002318811
2021-06-26 17:00:00,17989.44,1.40672752590403,17930.576042550394
2021-06-26 18:00:00,18445.82,1.3236737172531516,18095.432230165094
2021-06-26 19:00:00,18431.36,1.1907876234117467,18101.39140086675
2021-06-26 20:00:00,18165.13,1.1492607190863076,17759.618983721855
2021-06-26 21:00:00,17998.04,1.1575660999513955,17584.295645972907
2021-06-26 22:00:00,17665.9,1.1492607190863076,17315.70931681612
2021-06-26 23:00:00,17122.4,1.1243445764910445,16559.71697078928
2021-06-27 00:00:00,16231.54,1.1160391956259565,15558.003100389955
2021-06-27 01:00:00,15569.65,1.1409553382212199,14834.880377600086
2021-06-27 02:00:00,15179.14,1.174176861681571,14389.815775039055
2021-06-27 03:00:00,14999.68,1.2489252894673615,14108.587339915935
2021-06-27 04:00:00,14852.26,1.2821468129277127,14157.5511750161
2021-06-27 05:00:00,14856.38,1.2489252894673615,14212.703218697012
2021-06-27 06:00:00,14951.59,1.348589859848415,14234.756334800852
2021-06-27 07:00:00,15336.35,1.4233382876342051,14645.018020529133
2021-06-27 08:00:00,16065.3,1.498086715419996,15492.917776964603
2021-06-27 09:00:00,17020.76,1.5977512858010492,16349.022155938072
2021-06-27 10:00:00,18162.84,1.7472481413726302,17343.040755868427
2021-06-27 11:00:00,18932.13,1.7555535222377174,17972.09529811814
2021-06-27 12:00:00,19488.71,1.7970804265631566,18454.58562660152
2021-06-27 13:00:00,19674.32,1.8967449969442105,18871.460164461972
2021-06-27 14:00:00,19599.99,1.9548826629998255,18825.969975436063
2021-06-27 15:00:00,19592.16,1.9881041864601765,18840.56692370059
2021-06-27 16:00:00,19637.07,1.9797988055950886,18957.739794484158
2021-06-27 17:00:00,19900.14,1.9382719012696497,19177.528978628066
2021-06-27 18:00:00,20354.33,1.8718288543489474,20202.923526341485
2021-06-27 19:00:00,20298.9,1.8136911882933324,20201.085157564685
2021-06-27 20:00:00,20061.76,1.7555535222377174,20053.752989719414
2021-06-27 21:00:00,19728.97,1.6558889518566642,19975.901285336582
2021-06-27 22:00:00,19747.46,1.6060566666661371,19526.813579404596
2021-06-27 23:00:00,18835.82,1.489781334554908,18489.960418534523
2021-06-28 00:00:00,17440.92,1.489781334554908,17461.408789842873
2021-06-28 01:00:00,16755.34,1.398422145038942,16610.157982287375
2021-06-28 02:00:00,16133.42,1.398422145038942,16140.617095635052
2021-06-28 03:00:00,15856.61,1.3735060024436787,15948.664347170292
2021-06-28 04:00:00,15744.85,1.3652006215785908,15721.33358468022
2021-06-28 05:00:00,15767.67,1.3236737172531516,15762.600439354876
2021-06-28 06:00:00,16101.26,1.398422145038942,16240.576373422264
2021-06-28 07:00:00,17326.65,1.4648651919596443,17215.40790480995
2021-06-28 08:00:00,18698.11,1.489781334554908,18243.70698660901
2021-06-28 09:00:00,19690.04,1.6475835709915763,19079.5765873229
2021-06-28 10:00:00,20172.47,1.6060566666661371,19735.072423491434
2021-06-28 11:00:00,20602.07,1.6891104753170152,20339.538734114045
2021-06-28 12:00:00,21126.51,1.6891104753170152,20666.143931482267
2021-06-28 13:00:00,21298.09,1.7389427605075423,21043.42874681926
2021-06-28 14:00:00,21418.01,1.8718288543489474,21094.177032001146
2021-06-28 15:00:00,21272.81,1.5645297623406982,20408.468965383156
2021-06-28 16:00:00,21390.89,1.8386073308885955,20920.756091349736
2021-06-28 17:00:00,21590.69,1.7638589031028054,21117.882089095317
2021-06-28 18:00:00,22037.53,1.8136911882933324,21613.757124989483
2021-06-28 19:00:00,21848.62,1.7057212370471913,21214.003703710205
2021-06-28 20:00:00,21610.44,1.5645297623406982,20612.836705370442
2021-06-28 21:00:00,21004.16,1.489781334554908,20287.391560167263
2021-06-28 22:00:00,20512.5,1.4648651919596443,19911.766122479483
2021-06-28 23:00:00,19393.26,1.4731705728247322,19178.278849151924
2021-06-29 00:00:00,18139.0,1.3735060024436787,17501.295477807635
2021-06-29 01:00:00,17258.61,1.307062955522976,16307.240760401175
2021-06-29 02:00:00,16791.18,1.2406199086022736,15893.589414239672
2021-06-29 03:00:00,16380.36,1.2406199086022736,15707.126994855467
2021-06-29 04:00:00,16067.56,1.2489252894673615,15565.737252909003
2021-06-29 05:00:00,16050.78,1.2572306703324492,15629.525539282171
2021-06-29 06:00:00,16413.52,1.2821468129277127,15589.760228059782
2021-06-29 07:00:00,17582.71,1.348589859848415,17202.139201198395
2021-06-29 08:00:00,19128.85,1.4565598110945568,18410.62037367351
2021-06-29 09:00:00,20054.07,1.531308238880347,19146.897776079393
2021-06-29 10:00:00,20528.49,1.523002858015259,19516.432596971816
2021-06-29 11:00:00,20740.25,1.664194332721752,19845.069162216292
2021-06-29 12:00:00,21148.46,1.6808050944519273,20334.928334268796
2021-06-29 13:00:00,21185.87,1.6309728092614004,20391.55237274547
2021-06-29 14:00:00,21090.03,1.6475835709915763,20576.60398163246
2021-06-29 15:00:00,20667.44,1.431643668499293,20326.847711462324
2021-06-29 16:00:00,20659.64,1.390116764173854,19764.944537129457
2021-06-29 17:00:00,20880.18,1.4565598110945568,20220.913830579895
2021-06-29 18:00:00,21123.2,1.48147595368982,20904.394196651327
2021-06-29 19:00:00,20853.07,1.340284478983327,20742.168031532565
2021-06-29 20:00:00,20445.84,1.3236737172531516,20801.59625468007
2021-06-29 21:00:00,20101.84,1.2738414320626248,20232.488533176875
2021-06-29 22:00:00,19823.54,1.2323145277371856,19601.38146068655
2021-06-29 23:00:00,18874.56,1.224009146872098,18725.5366360752
2021-06-30 00:00:00,17642.48,1.1990930042768346,17527.070990100005
2021-06-30 01:00:00,16853.05,1.1990930042768346,16873.788599299605
2021-06-30 02:00:00,16385.16,1.174176861681571,16561.47080362296
2021-06-30 03:00:00,16116.65,1.182482242546659,16162.467130337029
2021-06-30 04:00:00,16011.6,1.265536051197537,15833.693193597448
2021-06-30 05:00:00,15991.47,1.2821468129277127,15687.29789053867
2021-06-30 06:00:00,16323.2,1.2904521937928006,16094.410136571667
2021-06-30 07:00:00,17456.06,1.307062955522976,16805.131913573307
2021-06-30 08:00:00,18504.5,1.3236737172531516,18223.437595505715
2021-06-30 09:00:00,19253.6,1.390116764173854,19225.728789405734
2021-06-30 10:00:00,19876.92,1.431643668499293,19609.345959287155
2021-06-30 11:00:00,20116.46,1.523002858015259,19788.02313448141
2021-06-30 12:00:00,20493.68,1.2323145277371856,19904.907283521872
2021-06-30 13:00:00,20531.17,1.439949049364381,20087.417817262773
2021-06-30 14:00:00,20474.32,1.182482242546659,19574.428840496916
2021-06-30 15:00:00,20348.13,1.439949049364381,20047.453372114713
2021-06-30 16:00:00,20429.73,1.1409553382212199,19658.590322264616
2021-06-30 17:00:00,20701.99,1.2073983851419225,20038.18985135343
2021-06-30 18:00:00,20808.44,1.2323145277371856,20539.066180254533
2021-06-30 19:00:00,20447.01,1.2821468129277127,20664.786161699103
2021-06-30 20:00:00,20098.49,1.2572306703324492,20303.21423176579
2021-06-30 21:00:00,19573.57,1.1160391956259565,19853.12993882015
2021-06-30 22:00:00,19084.63,1.0828176721656053,19285.066230738685
2021-06-30 23:00:00,18237.18,0.9748477209194638,18131.411987070853
2021-07-01 00:00:00,17178.99,0.9582369591892882,17018.51556567646
2021-07-01 01:00:00,16219.25,0.9333208165940248,16419.927326027344
2021-07-01 02:00:00,15671.85,0.9250154357289369,16006.95634853793
2021-07-01 03:00:00,15296.05,0.8502670079431467,15623.224798683832
2021-07-01 04:00:00,15114.8,0.8087401036177077,15466.91013464195
2021-07-01 05:00:00,15077.63,0.8004347227526197,15580.922209663195
2021-07-01 06:00:00,15197.55,0.8751831505384101,16122.328086139783
2021-07-01 07:00:00,15999.65,0.9831531017845514,16918.547159753754
2021-07-01 08:00:00,17215.53,1.099428433895781,18074.14279618191
2021-07-01 09:00:00,17992.49,1.1575660999513955,18732.655035592714
2021-07-01 10:00:00,18585.44,1.1907876234117467,19497.97631717216
2021-07-01 11:00:00,18911.36,1.224009146872098,19672.680508977297
2021-07-01 12:00:00,19032.24,1.2489252894673615,19972.125664453124
2021-07-01 13:00:00,18948.24,1.3153683363880637,19686.552129345408
2021-07-01 14:00:00,18911.59,1.3236737172531516,19597.936707369532
2021-07-01 15:00:00,18767.75,1.3735060024436787,19639.342965522734
2021-07-01 16:00:00,18598.94,1.348589859848415,19823.35058086019
2021-07-01 17:00:00,18764.54,1.3319790981182398,19818.606482780222
2021-07-01 18:00:00,18911.41,1.307062955522976,19731.817692728408
2021-07-01 19:00:00,18653.49,1.2323145277371856,19449.243711730185
2021-07-01 20:00:00,18436.34,1.1990930042768346,19216.621700851723
2021-07-01 21:00:00,18203.11,1.1492607190863076,19054.559394783075
2021-07-01 22:00:00,17988.08,1.0579015295703418,18636.031660497825
2021-07-01 23:00:00,17332.15,0.792129341887532,17726.234664373584
2021-07-02 00:00:00,16321.18,0.7422970566970051,16585.431170842152
2021-07-02 01:00:00,15373.07,0.700770152371566,15897.7159312415
2021-07-02 02:00:00,14969.36,0.659243248046127,15372.939030886295
2021-07-02 03:00:00,14734.1,0.617716343720688,15289.576053090786
2021-07-02 04:00:00,14594.07,0.6011055819905124,15091.685892920967
2021-07-02 05:00:00,14749.31,0.6260217245857758,15127.907397497833
2021-07-02 06:00:00,14929.35,0.659243248046127,15317.845289670593
2021-07-02 07:00:00,15479.68,0.7256862949668296,16362.61324031093
2021-07-02 08:00:00,16599.84,0.7755185801573562,17631.51878893037
2021-07-02 09:00:00,17426.35,0.8004347227526197,18494.089643277286
2021-07-02 10:00:00,17816.02,0.8419616270780588,18895.326659297654
2021-07-02 11:00:00,17941.45,0.9167100548638492,19308.964817106073
2021-07-02 12:00:00,18056.98,0.9167100548638492,19163.923307403733
2021-07-02 13:00:00,17973.62,0.8419616270780588,19055.677103442322
2021-07-02 14:00:00,17803.46,0.9997638635147272,18761.519494605313
2021-07-02 15:00:00,17506.75,0.8751831505384101,18615.530788758468
2021-07-02 16:00:00,17468.44,0.9499315783242003,18366.466486334015
2021-07-02 17:00:00,17514.0,0.9250154357289369,18318.188032697748
2021-07-02 18:00:00,17973.7,0.8751831505384101,18479.274269970763
2021-07-02 19:00:00,18014.89,0.8502670079431467,18168.608115409967
2021-07-02 20:00:00,17746.41,0.8253508653478832,17831.220049726322
2021-07-02 21:00:00,17272.96,0.792129341887532,17562.53484118871
2021-07-02 22:00:00,17236.43,0.7422970566970051,17428.176931308128
2021-07-02 23:00:00,16649.42,0.709075533236654,17047.31219508754
2021-07-03 00:00:00,15848.6,0.6841593906413905,16192.370044861722
2021-07-03 01:00:00,15080.6,0.6343271054508636,15477.635625596453
2021-07-03 02:00:00,14597.22,0.5928002011254245,15019.670705315006
2021-07-03 03:00:00,14488.11,0.5429679159348977,14868.633810217692
2021-07-03 04:00:00,14456.67,0.5180517733396344,14807.11440662573
2021-07-03 05:00:00,14343.08,0.4848302498792831,14795.501603513045
2021-07-03 06:00:00,14332.43,0.4848302498792831,14830.874262082409
2021-07-03 07:00:00,14765.3,0.5180517733396344,14962.79926929287
2021-07-03 08:00:00,15514.26,0.6509378671810392,15633.770982643462
2021-07-03 09:00:00,16467.02,0.750602437562093,16593.888760906346
2021-07-03 10:00:00,16920.22,0.8336562462129711,17382.613612998535
2021-07-03 11:00:00,17206.28,0.8585723888082343,17424.954141858325
2021-07-03 12:00:00,17196.06,0.8834885314034978,17984.5365006565
2021-07-03 13:00:00,17327.15,0.8751831505384101,17711.117141452785
2021-07-03 14:00:00,17034.21,0.8751831505384101,17571.44452680118
2021-07-03 15:00:00,16781.65,0.8170454844827952,16971.17677293356
2021-07-03 16:00:00,16733.45,0.8336562462129711,16861.985247333076
2021-07-03 17:00:00,16951.47,0.8585723888082343,17026.10016376554
2021-07-03 18:00:00,17188.47,0.8668777696733222,17442.377682924907
2021-07-03 19:00:00,17255.11,0.8751831505384101,17428.204466369996
2021-07-03 20:00:00,16975.77,0.8585723888082343,17244.743454094416
2021-07-03 21:00:00,16743.41,0.7755185801573562,16575.00251650129
2021-07-03 22:00:00,16675.85,0.6841593906413905,16842.754533957017
2021-07-03 23:00:00,16146.55,0.6924647715064781,16487.940469975314
2021-07-04 00:00:00,15511.71,0.5014410116094586,15817.484510022832
2021-07-04 01:00:00,14851.32,0.49313563074437083,15170.84170832818
2021-07-04 02:00:00,14428.15,0.4765248690141953,14692.538070819457
2021-07-04 03:00:00,14179.92,0.5014410116094586,14579.962808492679
2021-07-04 04:00:00,14181.17,0.4599141072840196,14515.795726392185
2021-07-04 05:00:00,14191.38,0.43499796468875623,14475.923387186669
2021-07-04 06:00:00,14194.28,0.5263571542047221,14404.817488500661
2021-07-04 07:00:00,14406.19,0.6343271054508636,14655.731391769184
2021-07-04 08:00:00,15077.01,0.8336562462129711,15290.22264688617
2021-07-04 09:00:00,16096.37,0.8668777696733222,16304.48978987918
2021-07-04 10:00:00,16736.55,0.9748477209194638,16972.203145757023
2021-07-04 11:00:00,17107.74,0.9997638635147272,17428.847677199203
2021-07-04 12:00:00,17308.88,1.1077338147608686,17588.353755143846
2021-07-04 13:00:00,17310.54,1.132649957356132,17663.44095798353
2021-07-04 14:00:00,17177.54,1.2323145277371856,17481.903778084987
2021-07-04 15:00:00,16879.32,1.2489252894673615,16649.57533314372
2021-07-04 16:00:00,16971.11,1.2489252894673615,16840.428871401993
2021-07-04 17:00:00,17408.72,1.2738414320626248,17033.47582857493
2021-07-04 18:00:00,17990.58,1.2073983851419225,17381.694749166054
2021-07-04 19:00:00,18171.12,1.1243445764910445,17899.0656462876
2021-07-04 20:00:00,18037.14,1.0412907678401664,17364.915618562238
2021-07-04 21:00:00,17654.03,0.9748477209194638,17224.040744897644
2021-07-04 22:00:00,17586.3,0.8917939122685857,17041.120219143104
2021-07-04 23:00:00,16856.16,0.8336562462129711,16513.191420585765
2021-07-05 00:00:00,15812.98,0.7838239610224441,15728.192538352276
2021-07-05 01:00:00,15115.69,0.6841593906413905,14972.172169014964
2021-07-05 02:00:00,14801.5,0.6343271054508636,14496.890198488936
2021-07-05 03:00:00,14530.33,0.5097463924745465,14320.313985317955
2021-07-05 04:00:00,14518.96,0.5429679159348977,14278.318398032206
2021-07-05 05:00:00,14634.32,0.6011055819905124,14512.529675456128
2021-07-05 06:00:00,15033.19,0.7256862949668296,14942.74307561965
2021-07-05 07:00:00,16296.97,0.8751831505384101,16146.201491882226
2021-07-05 08:00:00,17593.53,0.9997638635147272,17416.58216973748
2021-07-05 09:00:00,18490.78,1.099428433895781,17937.937102039294
2021-07-05 10:00:00,18955.51,1.1907876234117467,17884.31625706061
2021-07-05 11:00:00,19233.62,1.307062955522976,18185.824816107415
2021-07-05 12:00:00,19332.4,1.3568952407135029,18458.563268420865
2021-07-05 13:00:00,19354.14,1.4731705728247322,18656.705103452005
2021-07-05 14:00:00,19592.32,1.5063920962850832,18685.730946492054
2021-07-05 15:00:00,19328.25,1.5479190006105223,18446.67986368693
2021-07-05 16:00:00,19405.23,1.523002858015259,18549.512805609214
2021-07-05 17:00:00,19765.25,1.498086715419996,18847.86349464116
2021-07-05 18:00:00,20119.84,1.439949049364381,18882.150441878373
2021-07-05 19:00:00,19975.09,1.4233382876342051,19306.45887255326
2021-07-05 20:00:00,19623.82,1.3568952407135029,19032.34260255942
2021-07-05 21:00:00,19213.32,1.3319790981182398,18760.79766674636
2021-07-05 22:00:00,19010.01,1.2904521937928006,18554.46936788933
2021-07-05 23:00:00,17953.03,1.2904521937928006,17751.241314664258
2021-07-06 00:00:00,16996.49,1.2738414320626248,16580.691869707458
2021-07-06 01:00:00,16192.1,1.2323145277371856,15741.120743631487
2021-07-06 02:00:00,15598.88,1.1575660999513955,15369.19828840984
2021-07-06 03:00:00,15273.92,1.1409553382212199,14838.75156593389
2021-07-06 04:00:00,15125.26,1.132649957356132,14932.868789985032
2021-07-06 05:00:00,15143.67,1.132649957356132,14879.938992911422
2021-07-06 06:00:00,15472.88,1.1492607190863076,15228.714627461932
2021-07-06 07:00:00,16555.95,1.1907876234117467,16499.672732201998
2021-07-06 08:00:00,17962.63,1.2406199086022736,17841.4477963216
2021-07-06 09:00:00,18547.91,1.265536051197537,18524.649634446574
2021-07-06 10:00:00,19139.85,1.2738414320626248,18922.165813511096
2021-07-06 11:00:00,19570.36,1.2904521937928006,19236.078831115417
2021-07-06 12:00:00,19773.22,1.348589859848415,19553.030005677585
2021-07-06 13:00:00,19806.65,1.3652006215785908,19612.53433619119
2021-07-06 14:00:00,19791.16,1.5063920962850832,19864.082571813484
2021-07-06 15:00:00,19707.0,1.6891104753170152,20515.22328004222
2021-07-06 16:00:00,19976.3,1.6392781901264883,20371.530302314448
2021-07-06 17:00:00,20410.51,1.4150329067691179,20373.643073410618
2021-07-06 18:00:00,20738.67,1.390116764173854,20747.865021534133
2021-07-06 19:00:00,20436.83,1.431643668499293,20767.345269279263
2021-07-06 20:00:00,20020.65,1.348589859848415,20301.834398509312
2021-07-06 21:00:00,19536.69,1.2821468129277127,19843.666211905267
2021-07-06 22:00:00,19162.11,1.1990930042768346,19381.682874005484
2021-07-06 23:00:00,17896.97,1.0828176721656053,18057.516837072544
2021-07-07 00:00:00,16697.52,0.9914584826496393,16829.89243189814
2021-07-07 01:00:00,15932.77,0.9000992931336733,15843.896318175333
2021-07-07 02:00:00,15490.72,0.8087401036177077,15312.554038012893
2021-07-07 03:00:00,15189.5,0.7339916758319172,15030.714818472406
2021-07-07 04:00:00,14920.8,0.6675486289112149,14803.489239653374
2021-07-07 05:00:00,14957.54,0.6509378671810392,14848.884251957043
2021-07-07 06:00:00,15197.37,0.6426324863159515,15279.827898141586
2021-07-07 07:00:00,16393.28,0.700770152371566,16261.919620179084
2021-07-07 08:00:00,17653.15,0.7589078184271807,17591.567335969045
2021-07-07 09:00:00,18293.1,0.7672131992922686,18375.107561048393
2021-07-07 10:00:00,18225.06,0.8253508653478832,18628.140671651105
2021-07-07 11:00:00,18534.21,0.9000992931336733,18895.18529840708
2021-07-07 12:00:00,18686.79,0.9250154357289369,19112.28649605346
2021-07-07 13:00:00,18612.79,0.8834885314034978,18987.634756239906
2021-07-07 14:00:00,18552.34,0.8917939122685857,18734.243199110944
2021-07-07 15:00:00,18291.24,0.9167100548638492,18362.546728854002
2021-07-07 16:00:00,18222.38,0.9250154357289369,18615.391625114742
2021-07-07 17:00:00,18475.56,0.9167100548638492,19111.51806568253
2021-07-07 18:00:00,18813.59,0.9250154357289369,19481.062611866295
2021-07-07 19:00:00,18616.13,0.8336562462129711,19325.717521016584
2021-07-07 20:00:00,18383.44,0.7838239610224441,18834.56012042912
2021-07-07 21:00:00,18129.62,0.7422970566970051,18482.056356867462
2021-07-07 22:00:00,17964.96,0.659243248046127,18005.315718230544
2021-07-07 23:00:00,17174.51,0.6509378671810392,17121.776272797782
2021-07-08 00:00:00,16226.78,0.5678840585301611,16219.056417471902
2021-07-08 01:00:00,15378.94,0.6011055819905124,15538.34394803071
2021-07-08 02:00:00,15018.63,0.6260217245857758,15142.89279655599
2021-07-08 03:00:00,14813.41,0.617716343720688,14991.428754714982
2021-07-08 04:00:00,14622.04,0.6343271054508636,14771.237697587276
2021-07-08 05:00:00,14554.72,0.6011055819905124,14901.939585051266
2021-07-08 06:00:00,15044.15,0.5844948202603367,15208.252776975407
2021-07-08 07:00:00,16093.21,0.5097463924745465,16223.640786318396
2021-07-08 08:00:00,17395.17,0.5512732967999855,17525.45022055567
2021-07-08 09:00:00,18030.11,0.700770152371566,17977.72392834188
2021-07-08 10:00:00,18210.58,0.8917939122685857,18169.42789881443
2021-07-08 11:00:00,18236.58,0.8751831505384101,18466.603446298865
2021-07-08 12:00:00,18345.92,0.9000992931336733,18534.53038860487
2021-07-08 13:00:00,18432.77,0.8834885314034978,18317.230079313285
2021-07-08 14:00:00,18312.7,0.8253508653478832,18300.075794472217
2021-07-08 15:00:00,18162.72,0.8004347227526197,17805.708426543275
2021-07-08 16:00:00,18172.11,0.8502670079431467,18046.08614443512
2021-07-08 17:00:00,18475.49,0.7422970566970051,18343.01194509305
2021-07-08 18:00:00,19019.84,0.7339916758319172,18781.234070749706
2021-07-08 19:00:00,19280.18,0.7422970566970051,18750.41897166182
2021-07-08 20:00:00,19055.52,0.792129341887532,18601.227792460148
2021-07-08 21:00:00,18851.01,0.8585723888082343,18058.415127392098
2021-07-08 22:00:00,18343.92,0.8917939122685857,17893.639595518318
2021-07-08 23:00:00,17405.01,0.9333208165940248,16985.62864235087
2021-07-09 00:00:00,16562.95,0.8751831505384101,16040.966390729436
2021-07-09 01:00:00,15932.47,0.8087401036177077,15427.926504604446
2021-07-09 02:00:00,15443.45,0.7422970566970051,14962.352023502219
2021-07-09 03:00:00,15071.13,0.7173809141017417,14706.953152402582
2021-07-09 04:00:00,14943.25,0.6924647715064781,14558.036169527091
2021-07-09 05:00:00,15089.05,0.6758540097763026,14554.793817203927
2021-07-09 06:00:00,15334.53,0.700770152371566,14972.195344864671
2021-07-09 07:00:00,16447.79,0.7256862949668296,16014.701516594081
2021-07-09 08:00:00,17646.66,0.8087401036177077,17300.167965723453
2021-07-09 09:00:00,18388.72,0.8502670079431467,18041.738036620958
2021-07-09 10:00:00,18652.87,0.9416261974591124,18385.007267431916
2021-07-09 11:00:00,18804.36,0.9748477209194638,18656.754304790175
2021-07-09 12:00:00,18844.33,1.008069244379815,18696.884114455886
2021-07-09 13:00:00,18901.21,1.1160391956259565,18733.769303377445
2021-07-09 14:00:00,18683.34,1.132649957356132,18655.626034655274
2021-07-09 15:00:00,18427.66,1.0662069104354295,18281.92638645971
2021-07-09 16:00:00,18303.76,1.0329853869750785,18246.654251048978
2021-07-09 17:00:00,18347.07,1.1243445764910445,18527.90205155311
2021-07-09 18:00:00,18646.63,1.1575660999513955,18779.77286967505
2021-07-09 19:00:00,18439.79,1.0495961487052539,18803.579530471157
2021-07-09 20:00:00,18055.98,0.9582369591892882,18493.984091151036
2021-07-09 21:00:00,17881.58,0.9831531017845514,18250.69463100717
2021-07-09 22:00:00,17745.55,0.7672131992922686,17792.290436123683
2021-07-09 23:00:00,17056.54,0.6675486289112149,17106.42764122075
2021-07-10 00:00:00,16173.72,0.659243248046127,16275.06818131291
2021-07-10 01:00:00,15463.36,0.5844948202603367,15443.213482922565
2021-07-10 02:00:00,14918.74,0.5844948202603367,15107.421047551883
2021-07-10 03:00:00,14441.66,0.44330334555384404,14954.284975255232
2021-07-10 04:00:00,14594.93,0.49313563074437083,14799.355314113682
2021-07-10 05:00:00,14586.87,0.4516087264189318,14889.907679011621
2021-07-10 06:00:00,14694.96,0.6509378671810392,14825.221555871281
2021-07-10 07:00:00,15097.1,0.8253508653478832,15218.227838574003
2021-07-10 08:00:00,15956.31,0.9665423400543759,15916.221178874799
2021-07-10 09:00:00,16960.31,1.0329853869750785,16900.48496022584
2021-07-10 10:00:00,17712.34,1.1990930042768346,17394.573295000704
2021-07-10 11:00:00,17948.52,1.2821468129277127,17777.686036639836
2021-07-10 12:00:00,18159.22,1.3652006215785908,17993.377246595137
2021-07-10 13:00:00,18110.91,1.4565598110945568,17883.65516291597
2021-07-10 14:00:00,17885.95,1.4648651919596443,17506.484015832484
2021-07-10 15:00:00,17612.53,1.498086715419996,17256.558663692605
2021-07-10 16:00:00,17578.94,1.4565598110945568,16931.622415420243
2021-07-10 17:00:00,18051.19,1.4565598110945568,17173.663369673148
2021-07-10 18:00:00,18415.94,1.390116764173854,17263.545405744906
2021-07-10 19:00:00,18241.82,1.3568952407135029,17502.034825771487
2021-07-10 20:00:00,17758.03,1.1907876234117467,17205.786416262214
2021-07-10 21:00:00,17319.82,1.0745122913005174,17198.702437495715
2021-07-10 22:00:00,17288.7,1.0412907678401664,17451.796522408367
2021-07-10 23:00:00,16892.86,0.9582369591892882,16929.904709341088
2021-07-11 00:00:00,16073.16,0.9416261974591124,16161.43394605886
2021-07-11 01:00:00,15410.37,0.8917939122685857,15584.509430018912
2021-07-11 02:00:00,14889.14,0.7838239610224441,14995.120790137018
2021-07-11 03:00:00,14524.74,0.700770152371566,14552.746704827287
2021-07-11 04:00:00,14410.31,0.6343271054508636,14502.157388990827
2021-07-11 05:00:00,14397.11,0.8004347227526197,14518.174133193977
2021-07-11 06:00:00,14482.99,0.8668777696733222,14519.62290482704
2021-07-11 07:00:00,14877.11,0.9748477209194638,14703.16693586266
2021-07-11 08:00:00,15621.89,0.9997638635147272,15600.711804188302
2021-07-11 09:00:00,16456.97,1.1160391956259565,16732.977253840407
2021-07-11 10:00:00,17393.0,1.224009146872098,17785.275229244122
2021-07-11 11:00:00,17780.51,1.3319790981182398,18167.946446744238
2021-07-11 12:00:00,18169.16,1.390116764173854,18348.645913407297
2021-07-11 13:00:00,18311.65,1.4482544302294689,18471.84137832448
2021-07-11 14:00:00,18131.23,1.4482544302294689,18161.78673357197
2021-07-11 15:00:00,17905.67,1.489781334554908,18128.930949134392
2021-07-11 16:00:00,18032.35,1.48147595368982,18181.360355923374
2021-07-11 17:00:00,18319.7,1.4150329067691179,18410.084797644544
2021-07-11 18:00:00,18573.81,1.3652006215785908,18625.51838844932
2021-07-11 19:00:00,18640.14,1.3319790981182398,18454.983312298154
2021-07-11 20:00:00,18411.74,1.265536051197537,18652.824824208332
2021-07-11 21:00:00,18318.72,1.182482242546659,18119.853676317376
2021-07-11 22:00:00,18164.46,1.1409553382212199,18049.72878901132
2021-07-11 23:00:00,17230.56,0.9831531017845514,17047.70610802648
2021-07-12 00:00:00,16247.86,0.9250154357289369,16220.319465819723
2021-07-12 01:00:00,15562.39,0.9831531017845514,15686.96698679374
2021-07-12 02:00:00,15129.26,0.9250154357289369,15189.394114301429
2021-07-12 03:00:00,14955.73,0.9167100548638492,14723.201682667193
2021-07-12 04:00:00,14820.71,0.9084046739987612,14661.791629188394
2021-07-12 05:00:00,14909.99,0.9000992931336733,14632.582365725431
2021-07-12 06:00:00,15443.42,0.9333208165940248,15081.27983624775
2021-07-12 07:00:00,16535.45,0.9831531017845514,16360.935102568832
2021-07-12 08:00:00,17908.0,1.0828176721656053,17670.86445996804
2021-07-12 09:00:00,18703.95,1.1990930042768346,18313.84056048515
2021-07-12 10:00:00,19071.95,1.3153683363880637,18836.571000360258
2021-07-12 11:00:00,19549.57,1.439949049364381,19134.434162452086
2021-07-12 12:00:00,19956.1,1.489781334554908,19422.19727697225
2021-07-12 13:00:00,20236.57,1.5396136197454349,19549.104370454836
2021-07-12 14:00:00,20155.81,1.5645297623406982,19426.301286571386
2021-07-12 15:00:00,20163.85,1.664194332721752,19508.918796060512
2021-07-12 16:00:00,20079.64,1.664194332721752,19906.88868848342
2021-07-12 17:00:00,20376.25,1.664194332721752,20338.729367324482
2021-07-12 18:00:00,20774.29,1.6309728092614004,20609.848529941097
2021-07-12 19:00:00,20573.14,1.4648651919596443,20344.131878812394
2021-07-12 20:00:00,20129.13,1.3735060024436787,19824.431206171095
2021-07-12 21:00:00,19710.38,1.307062955522976,19305.64300088799
2021-07-12 22:00:00,19438.58,1.2821468129277127,18978.23650102559
2021-07-12 23:00:00,18283.24,1.174176861681571,18029.30168600832
2021-07-13 00:00:00,17003.91,1.2073983851419225,16964.515807841264
2021-07-13 01:00:00,16145.38,1.2406199086022736,16243.724571727833
2021-07-13 02:00:00,15740.89,1.1492607190863076,15721.633883270295
2021-07-13 03:00:00,15509.96,1.132649957356132,15317.383725564603
2021-07-13 04:00:00,15336.72,1.1160391956259565,15199.930741205642
2021-07-13 05:00:00,15343.35,1.1077338147608686,15179.44397094845
2021-07-13 06:00:00,15681.02,1.1409553382212199,15666.44680928709
2021-07-13 07:00:00,16621.58,1.132649957356132,16877.71504250956
2021-07-13 08:00:00,17985.75,1.0828176721656053,18155.610102768365
2021-07-13 09:00:00,18773.18,1.0329853869750785,18716.70640694973
2021-07-13 10:00:00,19090.24,1.2323145277371856,19006.03168592834
2021-07-13 11:00:00,19038.04,1.2489252894673615,19240.362914200075
2021-07-13 12:00:00,19281.79,1.2904521937928006,19682.926775148942
2021-07-13 13:00:00,19393.67,1.398422145038942,19888.91004082914
2021-07-13 14:00:00,19415.76,1.4731705728247322,19826.22442288057
2021-07-13 15:00:00,19174.98,1.4150329067691179,19875.876196524492
2021-07-13 16:00:00,19169.92,1.2489252894673615,19517.83397824403
2021-07-13 17:00:00,19742.21,1.224009146872098,19865.91680154099
2021-07-13 18:00:00,20213.19,1.2738414320626248,20447.754175475387
2021-07-13 19:00:00,20015.68,1.1658714808164834,20253.497255109665
2021-07-13 20:00:00,19598.03,1.1243445764910445,19911.53596139077
2021-07-13 21:00:00,19318.82,1.1077338147608686,19646.68833221742
2021-07-13 22:00:00,18876.7,1.1077338147608686,19310.977541489
2021-07-13 23:00:00,17886.44,1.099428433895781,18060.133174808998
2021-07-14 00:00:00,16845.55,1.1077338147608686,16741.33685617047
2021-07-14 01:00:00,16125.81,1.1243445764910445,16159.540817629151
2021-07-14 02:00:00,15701.83,1.1243445764910445,15651.763192671882
2021-07-14 03:00:00,15486.12,1.0662069104354295,15264.690364009502
2021-07-14 04:00:00,15296.16,1.0828176721656053,15220.848603767901
2021-07-14 05:00:00,15379.07,1.099428433895781,15184.218040327347
2021-07-14 06:00:00,15875.48,1.1409553382212199,15490.66493212168
2021-07-14 07:00:00,16855.49,1.21570376600701,16289.827653400433
2021-07-14 08:00:00,18133.44,1.2904521937928006,17539.503702910544
2021-07-14 09:00:00,18868.95,1.265536051197537,18457.468812583345
2021-07-14 10:00:00,19359.21,1.390116764173854,18693.316841455675
2021-07-14 11:00:00,19724.18,1.390116764173854,18809.2288485788
2021-07-14 12:00:00,20105.91,1.498086715419996,19215.713142894216
2021-07-14 13:00:00,20261.85,1.5479190006105223,19492.536080319336
2021-07-14 14:00:00,20248.84,1.5562243814756103,19739.111835254556
2021-07-14 15:00:00,20161.47,1.6226674283963132,19961.34307123429
2021-07-14 16:00:00,20182.22,1.581140524070874,20005.3941647583
2021-07-14 17:00:00,20699.72,1.581140524070874,20585.770301146098
2021-07-14 18:00:00,21127.1,1.572835143205786,20796.74561449339
2021-07-14 19:00:00,20922.01,1.5063920962850832,20523.463932256032
2021-07-14 20:00:00,20498.76,1.4150329067691179,20111.465396320014
2021-07-14 21:00:00,20098.18,1.3236737172531516,19717.49308196484
2021-07-14 22:00:00,19746.33,1.307062955522976,19555.015783288425
2021-07-14 23:00:00,18747.87,1.2489252894673615,18605.699795983182
2021-07-15 00:00:00,17623.11,1.174176861681571,17170.792849104786
2021-07-15 01:00:00,16779.41,1.132649957356132,16168.67549531609
2021-07-15 02:00:00,16242.3,1.0745122913005174,15607.102786398176
2021-07-15 03:00:00,15901.92,1.0579015295703418,15539.268042968171
2021-07-15 04:00:00,15607.96,1.008069244379815,15224.951423465665
2021-07-15 05:00:00,15587.09,0.9914584826496393,15269.683267915245
2021-07-15 06:00:00,15921.93,1.0579015295703418,15743.767627234194
2021-07-15 07:00:00,17025.18,1.1658714808164834,16802.962696999974
2021-07-15 08:00:00,18576.22,1.2738414320626248,18130.74869079368
2021-07-15 09:00:00,19464.06,1.340284478983327,18669.443850284984
2021-07-15 10:00:00,19946.74,1.4648651919596443,19182.618500171255
2021-07-15 11:00:00,20382.87,1.581140524070874,19487.207674025907
2021-07-15 12:00:00,20674.83,1.6475835709915763,19780.90126997535
2021-07-15 13:00:00,20922.36,1.7057212370471913,20203.885046694933
2021-07-15 14:00:00,20867.69,1.7887750456980693,20354.72559111555
2021-07-15 15:00:00,20847.7,1.8136911882933324,20209.342120351102
2021-07-15 16:00:00,20935.17,1.8219965691584203,20326.051193823496
2021-07-15 17:00:00,21175.53,1.7472481413726302,20449.86900123437
2021-07-15 18:00:00,21331.92,1.6724997135868394,20666.25820435512
2021-07-15 19:00:00,20928.92,1.6309728092614004,20562.5972140141
2021-07-15 20:00:00,20589.59,1.572835143205786,20264.14184075755
2021-07-15 21:00:00,20265.08,1.4648651919596443,19937.92412615716
2021-07-15 22:00:00,19826.48,1.48147595368982,19921.62646883081
2021-07-15 23:00:00,18923.32,1.5479190006105223,19190.566313987278
2021-07-16 00:00:00,17725.34,1.3153683363880637,17589.62307965166
2021-07-16 01:00:00,16937.76,1.1907876234117467,16543.22890192207
2021-07-16 02:00:00,16513.21,1.1990930042768346,16234.857231746018
2021-07-16 03:00:00,16231.37,1.182482242546659,15975.122084534592
2021-07-16 04:00:00,16012.3,1.1658714808164834,15655.50749876719
2021-07-16 05:00:00,15902.04,1.1575660999513955,15690.45180600061
2021-07-16 06:00:00,16326.91,1.1575660999513955,15902.844877300844
2021-07-16 07:00:00,17294.59,1.1575660999513955,16928.299907681787
2021-07-16 08:00:00,18418.77,1.132649957356132,18284.412907953145
2021-07-16 09:00:00,18999.34,1.1575660999513955,19201.5601325728
2021-07-16 10:00:00,19410.22,1.1658714808164834,19589.56542505461
2021-07-16 11:00:00,19658.67,1.1575660999513955,19905.994939379376
2021-07-16 12:00:00,19736.83,1.2489252894673615,20084.90156773206
2021-07-16 13:00:00,19661.23,1.340284478983327,20360.14350787056
2021-07-16 14:00:00,19521.29,1.40672752590403,20606.223088699986
2021-07-16 15:00:00,19271.1,1.3735060024436787,19911.408894524717
2021-07-16 16:00:00,19456.71,1.40672752590403,19650.948069748243
2021-07-16 17:00:00,19541.75,1.348589859848415,19929.152243262863
2021-07-16 18:00:00,19512.26,1.2738414320626248,19976.71971007449
2021-07-16 19:00:00,19228.68,1.2323145277371856,19766.223970432337
2021-07-16 20:00:00,18728.3,1.1658714808164834,19385.332695984864
2021-07-16 21:00:00,18470.84,1.1409553382212199,19062.949911439136
2021-07-16 22:00:00,18306.64,1.0412907678401664,18483.314774943818
2021-07-16 23:00:00,17425.16,1.008069244379815,17619.571899914103
2021-07-17 00:00:00,16464.08,1.008069244379815,16882.27099066163
2021-07-17 01:00:00,15811.8,0.9084046739987612,15986.950359861312
2021-07-17 02:00:00,15301.92,0.8834885314034978,15570.695268272832
2021-07-17 03:00:00,15039.72,0.8419616270780588,15461.813270494456
2021-07-17 04:00:00,14807.84,0.8419616270780588,15258.980435405116
2021-07-17 05:00:00,14731.92,0.8668777696733222,15076.418920714965
2021-07-17 06:00:00,14858.78,0.9167100548638492,15186.691056747348
2021-07-17 07:00:00,15224.0,1.0246800061099905,15533.646336652306
2021-07-17 08:00:00,16012.17,1.1575660999513955,16273.263730033641
2021-07-17 09:00:00,17031.77,1.1575660999513955,17185.116851425915
2021-07-17 10:00:00,17732.26,1.2572306703324492,18057.587520932422
2021-07-17 11:00:00,18118.46,1.2572306703324492,18403.50546771193
2021-07-17 12:00:00,18250.82,1.3236737172531516,18641.082685498084
2021-07-17 13:00:00,18370.94,1.3236737172531516,18415.345944135304
2021-07-17 14:00:00,18243.05,1.40672752590403,18238.300888596474
2021-07-17 15:00:00,18019.87,1.390116764173854,18128.00331525892
2021-07-17 16:00:00,18065.51,1.4482544302294689,17903.564053476657
2021-07-17 17:00:00,18134.51,1.4150329067691179,18232.12787991262
2021-07-17 18:00:00,18389.7,1.398422145038942,18444.754362331667
2021-07-17 19:00:00,18272.48,1.307062955522976,18345.592565813447
2021-07-17 20:00:00,17825.78,1.2406199086022736,18016.822881318778
2021-07-17 21:00:00,17694.96,1.182482242546659,17618.605536854793
2021-07-17 22:00:00,17753.56,1.1907876234117467,17839.879978001783
2021-07-17 23:00:00,17088.05,1.1243445764910445,17248.81978341815
2021-07-18 00:00:00,16378.8,1.0579015295703418,16467.43766167688
2021-07-18 01:00:00,15713.15,1.0412907678401664,15962.094955841058
2021-07-18 02:00:00,15175.82,1.1160391956259565,15467.253180833331
2021-07-18 03:00:00,14974.24,1.0412907678401664,15134.276413710802
2021-07-18 04:00:00,14792.9,1.0246800061099905,14843.645316952674
2021-07-18 05:00:00,14820.58,1.0246800061099905,14648.569974135491
2021-07-18 06:00:00,14819.46,0.9997638635147272,14649.02062952408
2021-07-18 07:00:00,15123.89,1.008069244379815,14950.010068657322
2021-07-18 08:00:00,15709.99,1.0329853869750785,15718.174256443941
2021-07-18 09:00:00,16479.52,1.1077338147608686,16887.02118238499
2021-07-18 10:00:00,17384.71,1.2073983851419225,17740.243599554182
2021-07-18 11:00:00,17776.22,1.2904521937928006,18127.59224324436
2021-07-18 12:00:00,18150.7,1.3236737172531516,18435.617073644094
2021-07-18 13:00:00,18327.35,1.2572306703324492,18567.361004845643
2021-07-18 14:00:00,18287.68,1.298757574657888,18262.488619901465
2021-07-18 15:00:00,17979.2,1.3735060024436787,18039.81467913068
2021-07-18 16:00:00,18080.41,1.4150329067691179,18387.858014737052
2021-07-18 17:00:00,18293.45,1.3153683363880637,18746.737499486997
2021-07-18 18:00:00,18591.51,1.307062955522976,19094.390466294863
2021-07-18 19:00:00,18667.62,1.2489252894673615,19076.320418592495
2021-07-18 20:00:00,18509.84,1.174176861681571,18698.991492146153
2021-07-18 21:00:00,18384.34,1.1658714808164834,18395.188907163236
2021-07-18 22:00:00,18391.87,1.0662069104354295,17978.75929232987
2021-07-18 23:00:00,17541.24,1.1243445764910445,17183.790720970715
2021-07-19 00:00:00,16485.86,1.0579015295703418,16410.903717653044
2021-07-19 01:00:00,15754.66,0.9665423400543759,15771.570495132102
2021-07-19 02:00:00,15338.04,0.9582369591892882,15332.361782884453
2021-07-19 03:00:00,15171.25,0.9084046739987612,15105.975545893612
2021-07-19 04:00:00,15086.48,0.9665423400543759,14889.900309584644
2021-07-19 05:00:00,15117.28,0.8668777696733222,15023.815903753193
2021-07-19 06:00:00,15343.13,1.008069244379815,15560.51895587029
2021-07-19 07:00:00,16209.68,1.1492607190863076,16857.793780355016
2021-07-19 08:00:00,17361.11,1.21570376600701,17961.56471386775
2021-07-19 09:00:00,18314.17,1.2738414320626248,18549.29634976538
2021-07-19 10:00:00,19078.59,1.3319790981182398,18869.633526460206
2021-07-19 11:00:00,19467.58,1.5063920962850832,19015.76501574937
2021-07-19 12:00:00,19845.4,1.5396136197454349,19379.656218748838
2021-07-19 13:00:00,20127.91,1.5894459049359613,19818.562386047684
2021-07-19 14:00:00,20255.89,1.6060566666661371,20154.888295967397
2021-07-19 15:00:00,20116.3,1.6309728092614004,19902.22136773382
2021-07-19 16:00:00,20281.34,1.664194332721752,19740.62392548288
2021-07-19 17:00:00,20482.15,1.489781334554908,19880.645623715187
2021-07-19 18:00:00,20607.05,1.489781334554908,20269.854428175775
2021-07-19 19:00:00,20223.25,1.4233382876342051,20284.708853319175
2021-07-19 20:00:00,19885.02,1.4150329067691179,19697.40684227481
2021-07-19 21:00:00,19562.12,1.3319790981182398,19530.70580184663
2021-07-19 22:00:00,19159.96,1.2738414320626248,19383.02653675942
2021-07-19 23:00:00,18147.51,1.1990930042768346,18270.3771983817
2021-07-20 00:00:00,17092.1,1.1575660999513955,17082.056930608214
2021-07-20 01:00:00,16277.61,1.091123053030693,16202.617263134387
2021-07-20 02:00:00,15853.25,1.0329853869750785,15846.71462165234
2021-07-20 03:00:00,15490.8,0.9250154357289369,15538.85762884007
2021-07-20 04:00:00,15293.8,0.9582369591892882,15452.024643953666
2021-07-20 05:00:00,15271.95,0.9250154357289369,15472.702352238033
2021-07-20 06:00:00,15580.84,1.0246800061099905,15732.453356687225
2021-07-20 07:00:00,16412.8,1.0246800061099905,16564.778323977236
2021-07-20 08:00:00,17307.48,1.0163746252449029,17672.941855405294
2021-07-20 09:00:00,18019.4,1.099428433895781,18583.430526399217
2021-07-20 10:00:00,18309.99,1.174176861681571,19147.801003956138
2021-07-20 11:00:00,18586.48,1.2821468129277127,19502.0988286231
2021-07-20 12:00:00,18962.16,1.3319790981182398,19770.528840477662
2021-07-20 13:00:00,19052.75,1.3236737172531516,19854.215793106858
2021-07-20 14:00:00,19001.34,1.40672752590403,19733.256334977028
2021-07-20 15:00:00,18917.91,1.4565598110945568,19646.653755683506
2021-07-20 16:00:00,18989.88,1.390116764173854,19656.49036260639
2021-07-20 17:00:00,19008.6,1.3319790981182398,20007.50014445176
2021-07-20 18:00:00,19345.22,1.132649957356132,19899.569313677395
2021-07-20 19:00:00,19240.38,0.9665423400543759,19541.81482344296
2021-07-20 20:00:00,18982.57,0.9167100548638492,19093.837054880805
2021-07-20 21:00:00,18616.76,0.8834885314034978,18965.637077696476
2021-07-20 22:00:00,18262.09,0.8170454844827952,18472.152295907264
2021-07-20 23:00:00,17282.67,0.7589078184271807,17393.402673389726
2021-07-21 00:00:00,16333.16,0.750602437562093,16577.46222658411
2021-07-21 01:00:00,15664.31,0.7339916758319172,15943.192254455225
2021-07-21 02:00:00,15195.38,0.7173809141017417,15546.495130559726
2021-07-21 03:00:00,14941.5,0.700770152371566,15285.51362260326
2021-07-21 04:00:00,14744.05,0.700770152371566,15139.175957606072
2021-07-21 05:00:00,14775.67,0.6675486289112149,15080.669335673183
2021-07-21 06:00:00,15021.33,0.700770152371566,15460.430620348227
2021-07-21 07:00:00,15979.71,0.7838239610224441,16336.47760842255
2021-07-21 08:00:00,17046.51,0.8585723888082343,17314.54163305252
2021-07-21 09:00:00,17805.41,0.9831531017845514,18084.46778803476
2021-07-21 10:00:00,18125.15,1.0495961487052539,18322.18223303239
2021-07-21 11:00:00,18349.2,1.0579015295703418,18453.103173868687
2021-07-21 12:00:00,18403.82,1.091123053030693,18820.05968157513
2021-07-21 13:00:00,18463.39,1.2323145277371856,18852.734727877763
2021-07-21 14:00:00,18346.27,1.298757574657888,18674.509948549847
2021-07-21 15:00:00,18195.13,1.21570376600701,18427.15215948976
2021-07-21 16:00:00,18331.72,1.1409553382212199,18709.703908271502
2021-07-21 17:00:00,18569.98,1.2406199086022736,19024.05958725746
2021-07-21 18:00:00,18996.12,1.2073983851419225,19519.90400411958
2021-07-21 19:00:00,18998.85,1.1658714808164834,19223.975561733147
2021-07-21 20:00:00,18554.49,0.9831531017845514,18803.18182330237
2021-07-21 21:00:00,18380.4,0.8917939122685857,18465.411048589885
2021-07-21 22:00:00,18051.52,0.8502670079431467,18241.964245798477
2021-07-21 23:00:00,17184.68,0.792129341887532,17382.10782472427
2021-07-22 00:00:00,16160.81,0.792129341887532,16520.262546416343
2021-07-22 01:00:00,15623.31,0.6675486289112149,15704.920210812013
2021-07-22 02:00:00,15299.55,0.6011055819905124,15207.901748978928
2021-07-22 03:00:00,14959.95,0.5595786776650734,15050.960295603823
2021-07-22 04:00:00,14846.46,0.5263571542047221,14796.393748726803
2021-07-22 05:00:00,14791.1,0.5097463924745465,14839.131757879735
2021-07-22 06:00:00,15207.51,0.6675486289112149,15155.810999935551
2021-07-22 07:00:00,15990.11,0.8087401036177077,15917.304196707646
2021-07-22 08:00:00,17105.82,0.9914584826496393,17057.30765297875
2021-07-22 09:00:00,17849.04,1.1575660999513955,17789.864466159437
2021-07-22 10:00:00,18214.76,1.4233382876342051,18347.934645539382
2021-07-22 11:00:00,18423.65,1.21570376600701,18200.977940885045
2021-07-22 12:00:00,18675.81,1.2738414320626248,18329.202650144576
2021-07-22 13:00:00,18623.49,1.390116764173854,18698.45424280494
2021-07-22 14:00:00,18708.63,1.4482544302294689,18591.562626403473
2021-07-22 15:00:00,18511.77,1.489781334554908,18437.97006121935
2021-07-22 16:00:00,18628.94,1.4482544302294689,18448.194440582694
2021-07-22 17:00:00,18812.42,1.4482544302294689,18461.50704296711
2021-07-22 18:00:00,19189.17,1.2821468129277127,18820.215660039335
2021-07-22 19:00:00,18911.82,1.182482242546659,18750.065850075705
2021-07-22 20:00:00,18593.24,1.0828176721656053,18459.651353696456
2021-07-22 21:00:00,18410.17,1.0412907678401664,18460.798232338162
2021-07-22 22:00:00,18188.51,0.9665423400543759,18246.002854175324
2021-07-22 23:00:00,17379.17,0.9084046739987612,17444.081157541972
2021-07-23 00:00:00,16459.91,0.8917939122685857,16493.50689961051
2021-07-23 01:00:00,15758.73,0.8502670079431467,15987.50634936774
2021-07-23 02:00:00,15280.37,0.8253508653478832,15317.388528001415
2021-07-23 03:00:00,15057.99,0.7755185801573562,14964.478931742276
2021-07-23 04:00:00,14902.4,0.7256862949668296,14913.881530287781
2021-07-23 05:00:00,14940.57,0.6924647715064781,14930.003174008221
2021-07-23 06:00:00,15284.61,0.7173809141017417,15291.857508150177
2021-07-23 07:00:00,16073.72,0.792129341887532,16460.396386650555
2021-07-23 08:00:00,17244.06,0.9914584826496393,17585.992686743455
2021-07-23 09:00:00,18219.55,1.1077338147608686,18222.542875093266
2021-07-23 10:00:00,18697.16,1.182482242546659,18483.700516728146
2021-07-23 11:00:00,18799.2,1.224009146872098,18799.99240498501
2021-07-23 12:00:00,18830.98,1.3568952407135029,19008.061765904873
2021-07-23 13:00:00,18953.11,1.40672752590403,19069.429512067512
2021-07-23 14:00:00,19016.11,1.3568952407135029,18839.920429868736
2021-07-23 15:00:00,18713.07,1.431643668499293,18515.152345959927
2021-07-23 16:00:00,18661.6,1.3818113833087662,18738.392822939553
2021-07-23 17:00:00,18924.36,1.3735060024436787,18826.43133020083
2021-07-23 18:00:00,19227.46,1.3735060024436787,18982.374388270287
2021-07-23 19:00:00,19016.22,1.2821468129277127,18680.455586888
2021-07-23 20:00:00,18505.26,1.1575660999513955,18143.71172456971
2021-07-23 21:00:00,18223.71,1.1409553382212199,17978.8565089921
2021-07-23 22:00:00,17892.75,0.9499315783242003,17737.67624449566
2021-07-23 23:00:00,17164.45,0.8917939122685857,17130.23605816982
2021-07-24 00:00:00,16274.87,0.750602437562093,16156.044181415296
2021-07-24 01:00:00,15465.66,0.7339916758319172,15407.370024344225
2021-07-24 02:00:00,14979.14,0.750602437562093,15074.16617121922
2021-07-24 03:00:00,14673.91,0.7339916758319172,14893.85142809366
2021-07-24 04:00:00,14622.82,0.6675486289112149,14788.672872885361
2021-07-24 05:00:00,14566.37,0.6841593906413905,14761.435269709926
2021-07-24 06:00:00,14713.66,0.8253508653478832,14775.727442110427
2021-07-24 07:00:00,15094.41,0.9416261974591124,15011.753566113535
2021-07-24 08:00:00,15954.77,1.0495961487052539,15639.852977048557
2021-07-24 09:00:00,17027.06,1.1658714808164834,16830.580554561104
2021-07-24 10:00:00,17855.51,1.3319790981182398,17653.47468590107
2021-07-24 11:00:00,18361.34,1.40672752590403,18149.739335152808
2021-07-24 12:00:00,18486.75,1.5146974771501711,18392.631224969184
2021-07-24 13:00:00,18550.99,1.5146974771501711,18144.227647198062
2021-07-24 14:00:00,18509.72,1.572835143205786,17975.652333803104
2021-07-24 15:00:00,18301.87,1.6475835709915763,17400.244457543162
2021-07-24 16:00:00,18219.17,1.581140524070874,17584.2507882239
2021-07-24 17:00:00,18338.04,1.523002858015259,17959.7514496804
2021-07-24 18:00:00,18347.78,1.489781334554908,18283.692882257244
2021-07-24 19:00:00,18206.58,1.390116764173854,18029.085588830138
2021-07-24 20:00:00,17739.19,1.348589859848415,17812.97590401677
2021-07-24 21:00:00,17528.83,1.298757574657888,17737.139092911977
2021-07-24 22:00:00,17328.78,1.2073983851419225,17664.236899226114
2021-07-24 23:00:00,16792.73,1.224009146872098,17087.662659551825
2021-07-25 00:00:00,16077.15,1.1492607190863076,16362.68233207375
2021-07-25 01:00:00,15555.87,0.9914584826496393,15630.073879959848
2021-07-25 02:00:00,15307.23,0.8834885314034978,15089.389015523482
2021-07-25 03:00:00,15043.93,0.8668777696733222,14748.48429445582
2021-07-25 04:00:00,15009.07,0.9000992931336733,14673.361270743771
2021-07-25 05:00:00,15078.96,0.9416261974591124,14509.999109438351
2021-07-25 06:00:00,15017.28,1.008069244379815,14576.84707902837
2021-07-25 07:00:00,15328.92,1.1160391956259565,14846.235649229138
2021-07-25 08:00:00,15852.22,1.182482242546659,15671.5094040349
2021-07-25 09:00:00,16636.31,1.298757574657888,16713.561843547934
2021-07-25 10:00:00,17595.09,1.3818113833087662,17694.38762933523
2021-07-25 11:00:00,18016.91,1.431643668499293,18311.225615502837
2021-07-25 12:00:00,18421.8,1.523002858015259,18622.254885394672
2021-07-25 13:00:00,18570.13,1.5562243814756103,18938.730937298915
2021-07-25 14:00:00,18532.23,1.5146974771501711,18877.122561850694
2021-07-25 15:00:00,18509.15,1.5977512858010492,18772.045119383016
2021-07-25 16:00:00,18450.26,1.5396136197454349,18497.841682806386
2021-07-25 17:00:00,18723.64,1.5146974771501711,18553.083345783718
2021-07-25 18:00:00,19095.88,1.4482544302294689,18831.701597973184
2021-07-25 19:00:00,19033.51,1.390116764173854,18992.33215104555
2021-07-25 20:00:00,18846.92,1.2821468129277127,18739.3768462873
2021-07-25 21:00:00,18477.89,1.298757574657888,18483.376155511003
2021-07-25 22:00:00,18067.67,1.2904521937928006,18398.895627745944
2021-07-25 23:00:00,17192.48,1.174176861681571,17318.073680402314
2021-07-26 00:00:00,16425.92,1.0579015295703418,16423.144421771838
2021-07-26 01:00:00,15781.89,1.0495961487052539,15802.05120013558
2021-07-26 02:00:00,15084.44,0.9748477209194638,15430.083453783924
2021-07-26 03:00:00,14882.34,0.9000992931336733,15166.6114265922
2021-07-26 04:00:00,14914.63,0.9084046739987612,15093.034709549727
2021-07-26 05:00:00,14849.16,0.9000992931336733,15197.116156307524
2021-07-26 06:00:00,15269.06,0.9084046739987612,15526.411455100375
2021-07-26 07:00:00,15988.09,0.9499315783242003,16766.614357671813
2021-07-26 08:00:00,17286.91,1.091123053030693,17959.7628362864
2021-07-26 09:00:00,18225.62,1.1658714808164834,18454.19923213003
2021-07-26 10:00:00,18908.55,1.2406199086022736,18880.91127688769
2021-07-26 11:00:00,19092.27,1.348589859848415,19197.524810067112
2021-07-26 12:00:00,19301.67,1.431643668499293,19578.195063121104
2021-07-26 13:00:00,19677.62,1.5063920962850832,19923.434530932587
2021-07-26 14:00:00,19830.87,1.6309728092614004,20165.897074256474
2021-07-26 15:00:00,19675.05,1.6475835709915763,20166.803403538102
2021-07-26 16:00:00,19664.02,1.664194332721752,20263.580648905492
2021-07-26 17:00:00,19976.32,1.6392781901264883,20533.927728065482
2021-07-26 18:00:00,20246.98,1.5562243814756103,20618.578832100564
2021-07-26 19:00:00,19862.89,1.4482544302294689,20421.310776553673
2021-07-26 20:00:00,19548.73,1.1907876234117467,19684.402915239887
2021-07-26 21:00:00,19166.47,1.1243445764910445,19056.178979760087
2021-07-26 22:00:00,18616.41,1.0579015295703418,18357.41424785702
2021-07-26 23:00:00,17733.23,0.9748477209194638,17445.26225330153
2021-07-27 00:00:00,16652.11,0.9084046739987612,16487.041307636453
2021-07-27 01:00:00,15866.86,0.7672131992922686,15564.747973731266
2021-07-27 02:00:00,15374.41,0.750602437562093,15118.916846542781
2021-07-27 03:00:00,15036.73,0.750602437562093,14922.792782816981
2021-07-27 04:00:00,14827.74,0.792129341887532,14926.267004921752
2021-07-27 05:00:00,14931.76,0.7173809141017417,14988.191582062867
2021-07-27 06:00:00,15160.1,0.8087401036177077,15478.182252079723
2021-07-27 07:00:00,15948.29,0.8751831505384101,16213.824425142178
2021-07-27 08:00:00,16968.57,0.9250154357289369,17535.98999486113
2021-07-27 09:00:00,17773.8,1.0329853869750785,18252.277783189787
2021-07-27 10:00:00,18022.51,1.132649957356132,18765.729049675865
2021-07-27 11:00:00,18302.55,1.099428433895781,18665.829031058747
2021-07-27 12:00:00,18579.71,0.9499315783242003,18645.956236781603
2021-07-27 13:00:00,18533.28,0.9000992931336733,18606.745760442514
2021-07-27 14:00:00,18175.7,0.9167100548638492,18589.054200191502
2021-07-27 15:00:00,17857.21,0.9416261974591124,18308.243047210286
2021-07-27 16:00:00,17974.09,1.0246800061099905,18361.391012249995
2021-07-27 17:00:00,18413.9,1.0412907678401664,18825.160285584694
2021-07-27 18:00:00,18647.72,0.9831531017845514,19349.98691001581
2021-07-27 19:00:00,18396.14,0.9333208165940248,19141.13719831465
2021-07-27 20:00:00,18122.56,0.8668777696733222,18798.888829932806
2021-07-27 21:00:00,17975.27,0.7838239610224441,18627.02253734965
2021-07-27 22:00:00,17863.85,0.792129341887532,18253.272080134997
2021-07-27 23:00:00,16975.03,0.7755185801573562,17227.36132390348
2021-07-28 00:00:00,15914.61,0.709075533236654,16409.404188016204
2021-07-28 01:00:00,15381.31,0.6924647715064781,15766.8411131306
2021-07-28 02:00:00,14983.46,0.7256862949668296,15334.007957984577
2021-07-28 03:00:00,14776.52,0.709075533236654,14952.737106348
2021-07-28 04:00:00,14651.31,0.6841593906413905,14833.308047359746
2021-07-28 05:00:00,14740.83,0.5429679159348977,14955.201249607626
2021-07-28 06:00:00,15034.58,0.6260217245857758,15255.423570104356
2021-07-28 07:00:00,15784.77,0.7755185801573562,16179.778875021659
2021-07-28 08:00:00,16857.75,0.9582369591892882,16988.73480012329
2021-07-28 09:00:00,17498.0,1.0246800061099905,17817.102632046706
2021-07-28 10:00:00,17826.49,1.091123053030693,17987.901907196294
2021-07-28 11:00:00,17918.79,1.099428433895781,18123.053852008143
2021-07-28 12:00:00,18040.53,1.174176861681571,18467.890906904137
2021-07-28 13:00:00,18123.04,1.2572306703324492,18744.81956365359
2021-07-28 14:00:00,17954.59,1.1409553382212199,18624.527576240755
2021-07-28 15:00:00,17721.07,1.2572306703324492,18258.564914949293
2021-07-28 16:00:00,17857.58,1.2821468129277127,18534.532475757278
2021-07-28 17:00:00,18361.3,1.265536051197537,18901.916833823743
2021-07-28 18:00:00,18737.13,1.224009146872098,19295.410410932862
2021-07-28 19:00:00,18527.63,1.1160391956259565,18893.2651353683
2021-07-28 20:00:00,18158.34,1.0412907678401664,18426.49888290833
2021-07-28 21:00:00,18157.69,0.9416261974591124,18172.3952239238
2021-07-28 22:00:00,17870.95,0.8502670079431467,18016.032751562303
2021-07-28 23:00:00,17096.63,0.8502670079431467,17203.969647041864
2021-07-29 00:00:00,16183.47,0.8004347227526197,16294.435810607665
2021-07-29 01:00:00,15478.8,0.7672131992922686,15716.224225079884
2021-07-29 02:00:00,15057.53,0.750602437562093,15244.911006488748
2021-07-29 03:00:00,14808.85,0.6426324863159515,14926.731296202952
2021-07-29 04:00:00,14757.9,0.6260217245857758,14758.25770280819
2021-07-29 05:00:00,14725.89,0.6675486289112149,14874.278846279205
2021-07-29 06:00:00,15114.59,0.6426324863159515,15105.547711317286
2021-07-29 07:00:00,16004.18,0.7589078184271807,15765.215537807037
2021-07-29 08:00:00,17047.53,0.9000992931336733,16968.53757174139
2021-07-29 09:00:00,17582.02,0.9582369591892882,17414.665156981435
2021-07-29 10:00:00,17940.85,0.9914584826496393,17958.02938032158
2021-07-29 11:00:00,18258.0,0.9582369591892882,17936.784650421938
2021-07-29 12:00:00,18475.81,0.8004347227526197,18210.537932046318
2021-07-29 13:00:00,18450.14,0.8253508653478832,17971.75838478264
2021-07-29 14:00:00,18310.9,0.8170454844827952,17916.560362734
2021-07-29 15:00:00,18127.95,0.8253508653478832,17604.79567322942
2021-07-29 16:00:00,17922.97,0.8336562462129711,17690.93789682182
2021-07-29 17:00:00,18364.38,0.8917939122685857,18084.137470760066
2021-07-29 18:00:00,18699.73,0.9250154357289369,18556.54829512495
2021-07-29 19:00:00,18724.89,0.8336562462129711,18396.38665534515
2021-07-29 20:00:00,18393.65,0.8336562462129711,18353.381091745046
2021-07-29 21:00:00,18371.94,0.8004347227526197,18223.755012823094
2021-07-29 22:00:00,17744.81,0.8004347227526197,17887.19906937064
2021-07-29 23:00:00,17048.22,0.7672131992922686,16993.02732996769
2021-07-30 00:00:00,16157.77,0.7422970566970051,16043.533333576033
2021-07-30 01:00:00,15608.48,0.7256862949668296,15376.833572608133
2021-07-30 02:00:00,15125.44,0.7173809141017417,14927.698246420989
2021-07-30 03:00:00,14790.91,0.7173809141017417,14659.691049093566
2021-07-30 04:00:00,14801.0,0.750602437562093,14617.926886376652
2021-07-30 05:00:00,14898.19,0.7422970566970051,14604.858668129391
2021-07-30 06:00:00,14965.32,0.7256862949668296,15024.465966798396
2021-07-30 07:00:00,15765.9,0.750602437562093,16093.97016318338
2021-07-30 08:00:00,16844.23,0.792129341887532,17267.428124301332
2021-07-30 09:00:00,17642.05,0.700770152371566,17839.590018605522
2021-07-30 10:00:00,17974.71,0.8253508653478832,18229.389428124083
2021-07-30 11:00:00,18166.29,0.8751831505384101,18324.06131873782
2021-07-30 12:00:00,18266.32,0.8253508653478832,18732.722245354053
2021-07-30 13:00:00,18250.9,0.8336562462129711,18354.517627387417
2021-07-30 14:00:00,17817.53,0.8502670079431467,18055.137841689488
2021-07-30 15:00:00,17537.59,0.9333208165940248,17609.529487929027
2021-07-30 16:00:00,17495.24,0.9167100548638492,17710.517410831835
2021-07-30 17:00:00,17740.68,0.7838239610224441,17957.62184063818
2021-07-30 18:00:00,18010.34,0.7589078184271807,18291.959708646395
2021-07-30 19:00:00,17771.67,0.700770152371566,18049.987130415564
2021-07-30 20:00:00,17552.67,0.6675486289112149,17728.427492350816
2021-07-30 21:00:00,17823.47,0.6426324863159515,17747.63004579642
2021-07-30 22:00:00,17205.4,0.617716343720688,17382.299150477083
2021-07-30 23:00:00,16502.7,0.5844948202603367,16804.82537836302
2021-07-31 00:00:00,15766.89,0.5678840585301611,16041.75419684781
2021-07-31 01:00:00,14891.52,0.5180517733396344,15342.571850290871
2021-07-31 02:00:00,14633.78,0.4516087264189318,14851.157421692747
2021-07-31 03:00:00,14409.1,0.3270280134426147,14719.43732793145
2021-07-31 04:00:00,14247.52,0.3104172517124391,14797.288889366298
2021-07-31 05:00:00,14252.18,0.3353333943077024,14846.117592260825
2021-07-31 06:00:00,14500.48,0.3851656794982293,14603.4495016002
2021-07-31 07:00:00,14842.81,0.4266925838236683,15035.474198623431
2021-07-31 08:00:00,15381.89,0.6758540097763026,15571.889439788994
2021-07-31 09:00:00,16310.29,0.8834885314034978,16327.506765458616
2021-07-31 10:00:00,16893.39,0.9499315783242003,16813.981351983784
2021-07-31 11:00:00,17230.23,1.0163746252449029,17155.57038900943
2021-07-31 12:00:00,17340.28,1.1077338147608686,17505.69810009123
2021-07-31 13:00:00,17261.35,1.099428433895781,17534.264191017865
2021-07-31 14:00:00,16896.54,1.2489252894673615,17190.31223437139
2021-07-31 15:00:00,16653.37,1.2572306703324492,16916.15648590195
2021-07-31 16:00:00,16427.73,1.2406199086022736,16616.3116257595
2021-07-31 17:00:00,16764.21,1.1990930042768346,16970.911332584063
2021-07-31 18:00:00,17024.83,1.0163746252449029,17174.8410348376
2021-07-31 19:00:00,16942.22,0.9831531017845514,17107.844056872822
2021-07-31 20:00:00,16566.69,0.9167100548638492,16867.098611222882
2021-07-31 21:00:00,16561.72,0.8585723888082343,17014.687098765215
2021-07-31 22:00:00,16491.04,0.8087401036177077,16704.419012051683
2021-07-31 23:00:00,15994.18,0.7755185801573562,16260.840950947748
2021-08-01 00:00:00,15351.5,0.6675486289112149,15599.301274367795
2021-08-01 01:00:00,14789.42,0.6343271054508636,14876.055452418346
2021-08-01 02:00:00,14432.38,0.6426324863159515,14592.232536387184
2021-08-01 03:00:00,14256.36,0.617716343720688,14276.566681179205
2021-08-01 04:00:00,14107.98,0.5928002011254245,14236.503735470378
2021-08-01 05:00:00,13998.04,0.5263571542047221,14216.655520622733
2021-08-01 06:00:00,14158.22,0.6509378671810392,14300.362423048131
2021-08-01 07:00:00,14575.02,0.7339916758319172,14383.33952338155
2021-08-01 08:00:00,15202.37,0.7755185801573562,15061.386951827488
2021-08-01 09:00:00,15836.38,0.8170454844827952,16017.352860988647
2021-08-01 10:00:00,16352.16,0.8751831505384101,16766.359532666884
2021-08-01 11:00:00,16705.07,0.9000992931336733,16960.01928629603
2021-08-01 12:00:00,17150.73,0.9167100548638492,17470.30607332431
2021-08-01 13:00:00,17359.56,0.9084046739987612,17379.56434987138
2021-08-01 14:00:00,17122.55,0.8917939122685857,17090.323230285754
2021-08-01 15:00:00,17040.41,0.9250154357289369,16712.625728616767
2021-08-01 16:00:00,16989.9,0.9000992931336733,16601.418730362555
2021-08-01 17:00:00,17283.66,0.8917939122685857,17082.40562475071
2021-08-01 18:00:00,17734.98,0.8336562462129711,17555.246960615066
2021-08-01 19:00:00,17525.05,0.8087401036177077,17548.767843784415
2021-08-01 20:00:00,17314.03,0.8087401036177077,17357.49048884534
2021-08-01 21:00:00,17199.73,0.7589078184271807,17413.02621050115
2021-08-01 22:00:00,16845.44,0.750602437562093,17070.61542692012
2021-08-01 23:00:00,16131.08,0.7589078184271807,16282.435279826277
2021-08-02 00:00:00,15291.49,0.7672131992922686,15549.127065265302
2021-08-02 01:00:00,14916.41,0.7256862949668296,14871.594346954751
2021-08-02 02:00:00,14707.15,0.659243248046127,14536.553430331689
2021-08-02 03:00:00,14486.4,0.6426324863159515,14356.648598131962
2021-08-02 04:00:00,14414.78,0.5761894393952489,14171.544428372674
2021-08-02 05:00:00,14429.51,0.5263571542047221,14339.281829007195
2021-08-02 06:00:00,14987.32,0.617716343720688,14821.414461533757
2021-08-02 07:00:00,16119.76,0.6509378671810392,15965.646540851012
2021-08-02 08:00:00,17168.15,0.8419616270780588,17127.248352505372
2021-08-02 09:00:00,18068.76,0.9167100548638492,17441.2188591172
2021-08-02 10:00:00,18565.72,1.0246800061099905,17823.56906916627
2021-08-02 11:00:00,18875.36,1.099428433895781,17843.507548576486
2021-08-02 12:00:00,19030.39,1.132649957356132,18290.288053034055
2021-08-02 13:00:00,19053.1,1.132649957356132,18386.487780451185
2021-08-02 14:00:00,18896.29,1.2572306703324492,18423.262269132192
2021-08-02 15:00:00,18588.09,1.298757574657888,18447.363833432522
2021-08-02 16:00:00,18461.76,1.2738414320626248,18516.762047482134
2021-08-02 17:00:00,18622.46,1.2904521937928006,18969.635123302243
2021-08-02 18:00:00,19091.3,1.2323145277371856,19366.022477583025
2021-08-02 19:00:00,18939.83,1.1243445764910445,18918.293755095143
2021-08-02 20:00:00,18776.75,0.9084046739987612,18484.890587503905
2021-08-02 21:00:00,18656.24,0.8751831505384101,18272.331610592304
2021-08-02 22:00:00,18180.05,0.8253508653478832,17680.592476276346
2021-08-02 23:00:00,17103.28,0.7838239610224441,16966.303753266668
2021-08-03 00:00:00,16158.85,0.792129341887532,15877.516523850525
2021-08-03 01:00:00,15388.9,0.7589078184271807,15288.44161477112
2021-08-03 02:00:00,15026.98,0.709075533236654,14979.567648604994
2021-08-03 03:00:00,14743.02,0.7173809141017417,14761.23910674446
2021-08-03 04:00:00,14585.29,0.6841593906413905,14591.451736361147
2021-08-03 05:00:00,14764.47,0.6924647715064781,14561.21653484992
2021-08-03 06:00:00,15164.5,0.750602437562093,15058.108676580568
2021-08-03 07:00:00,15918.04,0.8502670079431467,16168.290696913467
2021-08-03 08:00:00,17327.78,0.9582369591892882,17380.916700791546
2021-08-03 09:00:00,18155.93,1.0579015295703418,18108.779617559063
2021-08-03 10:00:00,18536.96,1.224009146872098,18443.802057382523
2021-08-03 11:00:00,18674.5,1.2738414320626248,18783.330181412584
2021-08-03 12:00:00,18654.22,1.390116764173854,18870.03642600346
2021-08-03 13:00:00,18721.29,1.4648651919596443,18849.93197185265
2021-08-03 14:00:00,18684.97,1.4731705728247322,18537.63072009785
2021-08-03 15:00:00,18511.99,1.489781334554908,18529.309239851475
2021-08-03 16:00:00,18569.69,1.4565598110945568,18274.89291716285
2021-08-03 17:00:00,18971.26,1.431643668499293,18570.866964050754
2021-08-03 18:00:00,19287.1,1.3568952407135029,19141.19858292827
2021-08-03 19:00:00,19092.48,1.265536051197537,18958.9050026662
2021-08-03 20:00:00,18953.43,1.1990930042768346,18818.287813867533
2021-08-03 21:00:00,18801.62,1.1243445764910445,18714.295719000565
2021-08-03 22:00:00,18362.47,1.0662069104354295,18382.643794885073
2021-08-03 23:00:00,17425.01,1.0495961487052539,17383.98511866093
2021-08-04 00:00:00,16463.79,1.0163746252449029,16434.599420742794
2021-08-04 01:00:00,15628.21,0.9748477209194638,15688.74698876176
2021-08-04 02:00:00,15216.77,0.8834885314034978,15274.987655559245
2021-08-04 03:00:00,14907.1,0.8336562462129711,14887.378203715349
2021-08-04 04:00:00,14786.78,0.7422970566970051,14712.571874656405
2021-08-04 05:00:00,14842.97,0.7256862949668296,14769.957173313169
2021-08-04 06:00:00,15314.08,0.8253508653478832,15238.568544688365
2021-08-04 07:00:00,16290.08,0.9167100548638492,16062.352191936432
2021-08-04 08:00:00,17429.44,1.008069244379815,17355.62472292604
2021-08-04 09:00:00,18202.4,1.0495961487052539,18154.401803286433
2021-08-04 10:00:00,18763.88,1.1907876234117467,18503.031141524087
2021-08-04 11:00:00,18958.58,1.2406199086022736,18753.411570671564
2021-08-04 12:00:00,19374.65,1.3319790981182398,18894.707088716037
2021-08-04 13:00:00,19461.09,1.398422145038942,19188.135987745565
2021-08-04 14:00:00,19429.09,1.4565598110945568,19141.564641931225
2021-08-04 15:00:00,19325.82,1.4648651919596443,18943.18112269899
2021-08-04 16:00:00,19321.93,1.5146974771501711,19250.877711778856
2021-08-04 17:00:00,19677.55,1.4731705728247322,19363.550842462508
2021-08-04 18:00:00,20046.16,1.4233382876342051,19537.726784042883
2021-08-04 19:00:00,19834.18,1.2572306703324492,18998.30790508647
2021-08-04 20:00:00,19572.69,1.1409553382212199,18763.11619932679
2021-08-04 21:00:00,19426.45,1.0329853869750785,18682.286370636855
2021-08-04 22:00:00,18888.2,1.0163746252449029,18262.174339345984
2021-08-04 23:00:00,17885.45,0.9582369591892882,17420.134903527007
2021-08-05 00:00:00,16674.66,1.0579015295703418,16526.482799745838
2021-08-05 01:00:00,16153.85,0.9333208165940248,15607.213271231403
2021-08-05 02:00:00,15588.2,0.9748477209194638,15371.339232560878
2021-08-05 03:00:00,15294.05,0.9000992931336733,15005.400736729736
2021-08-05 04:00:00,15075.52,0.6841593906413905,14751.684115545042
2021-08-05 05:00:00,15075.9,0.6675486289112149,14820.435072345836
2021-08-05 06:00:00,15505.85,0.8668777696733222,15315.135681807886
2021-08-05 07:00:00,16426.61,0.9748477209194638,16202.475547464703
2021-08-05 08:00:00,17824.58,1.1990930042768346,17399.73960323772
2021-08-05 09:00:00,18749.04,1.307062955522976,18083.091410817076
2021-08-05 10:00:00,19319.38,1.439949049364381,18624.284375908544
2021-08-05 11:00:00,19614.33,1.5479190006105223,18982.868209652814
2021-08-05 12:00:00,20089.86,1.6558889518566642,19155.188877765435
2021-08-05 13:00:00,20203.67,1.7057212370471913,19338.823769058876
2021-08-05 14:00:00,20335.87,1.6808050944519273,19151.907104294594
2021-08-05 15:00:00,20164.26,1.7057212370471913,19648.97263409472
2021-08-05 16:00:00,20324.36,1.6974158561821031,19157.068231586847
2021-08-05 17:00:00,20542.28,1.664194332721752,19608.949852839025
2021-08-05 18:00:00,20703.1,1.5977512858010492,19788.139753201893
2021-08-05 19:00:00,20502.4,1.4565598110945568,19418.376843651207
2021-08-05 20:00:00,19713.72,1.3319790981182398,19202.169493555568
2021-08-05 21:00:00,19465.65,1.2323145277371856,19272.80443208244
2021-08-05 22:00:00,19126.5,1.1907876234117467,18849.439408555427
2021-08-05 23:00:00,17924.01,1.1160391956259565,18136.276640504628
2021-08-06 00:00:00,16939.14,1.1077338147608686,16825.173549838197
2021-08-06 01:00:00,16068.28,1.1077338147608686,16382.98609570179
2021-08-06 02:00:00,15589.11,1.0412907678401664,15726.895187382417
2021-08-06 03:00:00,15219.58,1.0246800061099905,15525.189445383114
2021-08-06 04:00:00,15073.62,0.9748477209194638,15408.562438271972
2021-08-06 05:00:00,15002.07,0.9250154357289369,15309.710023524287
2021-08-06 06:00:00,15547.79,0.9997638635147272,15665.513279707355
2021-08-06 07:00:00,16666.47,1.0745122913005174,16502.143386843283
2021-08-06 08:00:00,18074.52,1.2406199086022736,17906.259933675665
2021-08-06 09:00:00,19054.79,1.3735060024436787,18907.320444651643
2021-08-06 10:00:00,19650.37,1.4648651919596443,19387.489904943915
2021-08-06 11:00:00,19875.54,1.572835143205786,19936.00210897001
2021-08-06 12:00:00,20316.63,1.664194332721752,19965.591654644613
2021-08-06 13:00:00,20397.89,1.7638589031028054,20074.597251027633
2021-08-06 14:00:00,20366.83,1.7970804265631566,19862.37913558279
2021-08-06 15:00:00,20233.28,1.8219965691584203,20112.404984412824
2021-08-06 16:00:00,20187.64,1.8303019500235083,20158.922876227545
2021-08-06 17:00:00,20482.2,1.7721642839678933,20022.189308592828
2021-08-06 18:00:00,20642.55,1.7140266179122785,20065.60110174618
2021-08-06 19:00:00,20357.35,1.5894459049359613,19880.817109374
2021-08-06 20:00:00,19855.33,1.5063920962850832,19313.87431720095
2021-08-06 21:00:00,19495.6,1.4150329067691179,19049.295775514358
2021-08-06 22:00:00,18940.2,1.265536051197537,18738.036421309615
2021-08-06 23:00:00,18099.47,1.2406199086022736,17846.42108845263
2021-08-07 00:00:00,17006.7,1.182482242546659,16945.62278353525
2021-08-07 01:00:00,16184.82,1.1243445764910445,15916.388305182738
2021-08-07 02:00:00,15705.83,1.0579015295703418,15407.808828461153
2021-08-07 03:00:00,15146.58,1.0579015295703418,15068.562676743419
2021-08-07 04:00:00,14945.85,0.9582369591892882,14834.199559993935
2021-08-07 05:00:00,14878.91,1.0495961487052539,14851.377280367313
2021-08-07 06:00:00,14943.6,1.0662069104354295,14970.88653579964
2021-08-07 07:00:00,15331.35,1.2073983851419225,15529.823302057923
2021-08-07 08:00:00,16144.85,1.307062955522976,16288.676802389547
2021-08-07 09:00:00,17067.23,1.3735060024436787,17567.091560556695
2021-08-07 10:00:00,18063.24,1.398422145038942,18368.18377591371
2021-08-07 11:00:00,18541.01,1.4565598110945568,19044.53250129607
2021-08-07 12:00:00,18813.71,1.3236737172531516,19196.453900665478
2021-08-07 13:00:00,18824.04,1.5894459049359613,19345.266344787284
2021-08-07 14:00:00,18697.26,1.6724997135868394,19337.798107398612
2021-08-07 15:00:00,18802.3,1.6060566666661371,19124.79270260544
2021-08-07 16:00:00,18863.09,1.5396136197454349,18637.752477213748
2021-08-07 17:00:00,18923.08,1.531308238880347,18875.061370653464
2021-08-07 18:00:00,18968.79,1.498086715419996,19158.857329073315
2021-08-07 19:00:00,18856.67,1.3236737172531516,18995.960899121146
2021-08-07 20:00:00,18310.78,1.1990930042768346,18456.735955997123
2021-08-07 21:00:00,18299.45,1.2073983851419225,18189.24781469407
2021-08-07 22:00:00,18225.8,1.174176861681571,18109.419070346627
2021-08-07 23:00:00,17492.0,1.132649957356132,17366.036761852098
2021-08-08 00:00:00,16805.94,1.1160391956259565,16549.109772455824
2021-08-08 01:00:00,16081.84,1.0495961487052539,15814.962088871001
2021-08-08 02:00:00,15664.77,1.0329853869750785,15343.49279967613
2021-08-08 03:00:00,15356.51,0.9665423400543759,14751.910851432547
2021-08-08 04:00:00,15256.4,0.9582369591892882,14699.797345647476
2021-08-08 05:00:00,15182.56,0.9333208165940248,14548.860932671416
2021-08-08 06:00:00,15170.78,0.9582369591892882,14561.53172887242
2021-08-08 07:00:00,15394.33,1.0163746252449029,14748.14784366634
2021-08-08 08:00:00,16094.66,1.0662069104354295,15503.69643088843
2021-08-08 09:00:00,17024.28,1.1907876234117467,16544.940781794554
2021-08-08 10:00:00,17817.72,1.298757574657888,17495.350412876473
2021-08-08 11:00:00,18357.34,1.4233382876342051,17931.54999106695
2021-08-08 12:00:00,18694.8,1.4482544302294689,18499.30121466189
2021-08-08 13:00:00,18762.61,1.5977512858010492,18894.190672166184
2021-08-08 14:00:00,18759.64,1.6226674283963132,18779.148633141896
2021-08-08 15:00:00,18681.19,1.6724997135868394,18985.109929386446
2021-08-08 16:00:00,18671.98,1.5977512858010492,18942.33084544434
2021-08-08 17:00:00,19020.54,1.581140524070874,19139.112154350674
2021-08-08 18:00:00,19357.32,1.5396136197454349,19256.261701905805
2021-08-08 19:00:00,19354.23,1.431643668499293,19492.622746731133
2021-08-08 20:00:00,19035.15,1.2821468129277127,19000.368128086127
2021-08-08 21:00:00,19008.38,1.2821468129277127,18695.335723528104
2021-08-08 22:00:00,18529.02,1.2821468129277127,18452.019648109377
2021-08-08 23:00:00,17572.71,1.224009146872098,17436.666967240424
2021-08-09 00:00:00,16581.55,1.1492607190863076,16516.431908333485
2021-08-09 01:00:00,15896.16,1.1243445764910445,15976.79406613061
2021-08-09 02:00:00,15554.66,1.0662069104354295,15495.253475486581
2021-08-09 03:00:00,15346.73,1.0745122913005174,15413.455368804309
2021-08-09 04:00:00,15173.78,1.099428433895781,15426.030837289549
2021-08-09 05:00:00,15240.27,1.0495961487052539,15272.901150492049
2021-08-09 06:00:00,15702.24,1.0412907678401664,15827.50238976721
2021-08-09 07:00:00,16814.73,1.132649957356132,16795.4931994061
2021-08-09 08:00:00,18132.61,1.1907876234117467,17829.331591982154
2021-08-09 09:00:00,18942.12,1.2572306703324492,18681.40323761784
2021-08-09 10:00:00,19338.21,1.3652006215785908,19202.90674487969
2021-08-09 11:00:00,19833.62,1.581140524070874,19800.554378565037
2021-08-09 12:00:00,20293.75,1.6724997135868394,20145.778685486304
2021-08-09 13:00:00,20549.12,1.7472481413726302,20435.668966354267
2021-08-09 14:00:00,20597.11,1.8053858074282445,20623.089636347842
2021-08-09 15:00:00,20377.87,1.7804696648329814,20537.758383947956
2021-08-09 16:00:00,20650.49,1.8136911882933324,20919.614182311838
2021-08-09 17:00:00,21033.29,1.8136911882933324,21081.022972633637
2021-08-09 18:00:00,21401.58,1.7389427605075423,21348.275031137324
2021-08-09 19:00:00,21184.01,1.664194332721752,21457.810743599224
2021-08-09 20:00:00,20766.0,1.6060566666661371,21093.32920361159
2021-08-09 21:00:00,20521.8,1.5146974771501711,20345.60374906591
2021-08-09 22:00:00,19911.66,1.4482544302294689,19805.25645991181
2021-08-09 23:00:00,18769.47,1.398422145038942,18535.698138613527
2021-08-10 00:00:00,17450.71,1.3319790981182398,17258.887405183596
2021-08-10 01:00:00,16788.68,1.2738414320626248,16601.3505486367
2021-08-10 02:00:00,16797.52,1.224009146872098,16353.101200481353
2021-08-10 03:00:00,15945.12,1.1907876234117467,15983.743756245
2021-08-10 04:00:00,15805.04,1.1492607190863076,15626.678990130606
2021-08-10 05:00:00,15821.14,1.1409553382212199,15659.193602361764
2021-08-10 06:00:00,16182.02,1.1907876234117467,15979.341183943536
2021-08-10 07:00:00,17124.0,1.2821468129277127,17174.997627181245
2021-08-10 08:00:00,18584.83,1.398422145038942,18642.687506466475
2021-08-10 09:00:00,19568.15,1.5562243814756103,19480.608709437158
2021-08-10 10:00:00,20182.95,1.6724997135868394,19188.07974307765
2021-08-10 11:00:00,20694.44,1.7970804265631566,20174.56843900579
2021-08-10 12:00:00,21084.22,1.8136911882933324,20701.34720168657
2021-08-10 13:00:00,21319.54,1.8635234734838595,21111.442226965908
2021-08-10 14:00:00,21407.65,1.8884396160791226,21050.030673824152
2021-08-10 15:00:00,21510.41,1.9133557586743863,20948.282214590938
2021-08-10 16:00:00,21521.09,1.8552180926187716,20708.509871134098
2021-08-10 17:00:00,21793.06,1.7721642839678933,20916.95684985438
2021-08-10 18:00:00,22046.87,1.7140266179122785,21284.638018052374
2021-08-10 19:00:00,21605.71,1.6974158561821031,21329.13608118372
2021-08-10 20:00:00,21035.68,1.4565598110945568,20586.887096654787
2021-08-10 21:00:00,20905.15,1.265536051197537,19989.55248969521
2021-08-10 22:00:00,20230.73,1.3153683363880637,19816.042958840946
2021-08-10 23:00:00,19137.1,1.3652006215785908,18810.7850227747
2021-08-11 00:00:00,17959.62,1.340284478983327,17862.440294569402
2021-08-11 01:00:00,17256.26,1.2406199086022736,17060.198285914143
2021-08-11 02:00:00,16643.9,1.2572306703324492,16921.11593547226
2021-08-11 03:00:00,16321.15,1.2572306703324492,16265.471846780802
2021-08-11 04:00:00,16172.18,1.265536051197537,16115.589126351919
2021-08-11 05:00:00,16006.38,1.2572306703324492,16002.4615850004
2021-08-11 06:00:00,16437.07,1.265536051197537,16392.63465703923
2021-08-11 07:00:00,17408.72,1.224009146872098,17037.241794932357
2021-08-11 08:00:00,18827.87,1.2821468129277127,18119.15637282755
2021-08-11 09:00:00,19608.0,1.348589859848415,18946.9650895265
2021-08-11 10:00:00,20019.6,1.431643668499293,19517.45718461811
2021-08-11 11:00:00,20366.74,1.6392781901264883,21546.406091191606
2021-08-11 12:00:00,20884.74,1.7555535222377174,20251.49562068998
2021-08-11 13:00:00,21053.74,1.7804696648329814,20645.03002327744
2021-08-11 14:00:00,21246.58,1.8552180926187716,20943.29451277957
2021-08-11 15:00:00,21162.41,1.9382719012696497,21154.520293535155
2021-08-11 16:00:00,21205.84,1.8219965691584203,21086.347599407025
2021-08-11 17:00:00,21557.17,1.8053858074282445,21525.86909387068
2021-08-11 18:00:00,21833.36,1.7555535222377174,21775.661000597767
2021-08-11 19:00:00,21601.58,1.664194332721752,21520.79280796178
2021-08-11 20:00:00,21172.21,1.5977512858010492,21273.508366237664
2021-08-11 21:00:00,20980.69,1.5977512858010492,21252.699289855747
2021-08-11 22:00:00,20330.38,1.5396136197454349,20356.35184202236
2021-08-11 23:00:00,19198.38,1.4565598110945568,19070.712330081464
2021-08-12 00:00:00,18028.19,1.398422145038942,17706.522201168784
2021-08-12 01:00:00,17246.05,1.3652006215785908,17112.659315037505
2021-08-12 02:00:00,16723.24,1.3818113833087662,16929.77864032808
2021-08-12 03:00:00,16462.83,1.40672752590403,16507.402861450395
2021-08-12 04:00:00,16147.22,1.4150329067691179,16304.473033203618
2021-08-12 05:00:00,16042.14,1.431643668499293,16212.715612385307
2021-08-12 06:00:00,16630.3,1.4233382876342051,16597.554304685305
2021-08-12 07:00:00,17557.76,1.4150329067691179,17294.19265367338
2021-08-12 08:00:00,18970.06,1.523002858015259,18811.0546331033
2021-08-12 09:00:00,19961.39,1.6060566666661371,19706.368991900945
2021-08-12 10:00:00,20470.02,1.664194332721752,19978.580667114515
2021-08-12 11:00:00,21055.45,1.6891104753170152,20232.837329789738
2021-08-12 12:00:00,21433.23,1.6226674283963132,20864.978649237757
2021-08-12 13:00:00,21457.77,1.6475835709915763,20876.549220151774
2021-08-12 14:00:00,21492.0,1.6808050944519273,20778.62441758384
2021-08-12 15:00:00,21274.08,1.7306373796424543,21202.287455074056
2021-08-12 16:00:00,21405.32,1.7306373796424543,21284.8138487194
2021-08-12 17:00:00,21515.78,1.7223319987773664,21510.43918839318
2021-08-12 18:00:00,21598.44,1.6724997135868394,21714.022647861188
2021-08-12 19:00:00,21520.3,1.5977512858010492,21737.02864364335
2021-08-12 20:00:00,21031.86,1.5562243814756103,21567.71862519723
2021-08-12 21:00:00,20902.82,1.4648651919596443,21041.96013535658
2021-08-12 22:00:00,20158.16,1.439949049364381,20529.687841960873
2021-08-12 23:00:00,19100.58,1.3735060024436787,19323.52878583501
2021-08-13 00:00:00,18090.78,1.3153683363880637,17993.17075830582
2021-08-13 01:00:00,17033.7,1.2572306703324492,17270.47566726291
2021-08-13 02:00:00,16533.42,1.2323145277371856,16414.67166762354
2021-08-13 03:00:00,16237.5,1.2073983851419225,15918.010291967305
2021-08-13 04:00:00,15958.05,1.1409553382212199,15564.253406751712
2021-08-13 05:00:00,15903.7,1.1243445764910445,15460.67675325486
2021-08-13 06:00:00,16492.86,1.2406199086022736,16099.572946254968
2021-08-13 07:00:00,17421.55,1.340284478983327,17172.23507469638
2021-08-13 08:00:00,18835.59,1.439949049364381,18588.970970034476
2021-08-13 09:00:00,19992.48,1.5562243814756103,19668.45698829493
2021-08-13 10:00:00,20772.31,1.6724997135868394,20093.696077521807
2021-08-13 11:00:00,21207.52,1.7804696648329814,21552.25657410749
2021-08-13 12:00:00,21500.02,1.8469127117536834,21077.63834721395
2021-08-13 13:00:00,21448.36,1.9382719012696497,21455.167441202248
2021-08-13 14:00:00,21521.85,1.9548826629998255,21374.885502693865
2021-08-13 15:00:00,21528.95,1.9050503778092984,20934.308724619492
2021-08-13 16:00:00,21333.98,1.8718288543489474,21048.155962333592
2021-08-13 17:00:00,21122.61,1.8469127117536834,21017.4003334764
2021-08-13 18:00:00,21463.92,1.7555535222377174,20904.004721070454
2021-08-13 19:00:00,21129.83,1.6475835709915763,20482.419455387448
2021-08-13 20:00:00,20663.52,1.5146974771501711,19761.027480991932
2021-08-13 21:00:00,20434.81,1.431643668499293,19874.87577386831
2021-08-13 22:00:00,19757.03,1.40672752590403,19476.86992367725
2021-08-13 23:00:00,18779.25,1.3735060024436787,18427.448410440094
2021-08-14 00:00:00,17660.95,1.3153683363880637,17646.648083627344
2021-08-14 01:00:00,16878.99,1.298757574657888,16998.161982945618
2021-08-14 02:00:00,16358.43,1.3652006215785908,16639.69075420107
2021-08-14 03:00:00,15913.11,1.3153683363880637,16226.358963601326
2021-08-14 04:00:00,15694.65,1.2904521937928006,16111.84823264586
2021-08-14 05:00:00,15585.1,1.2406199086022736,15820.517890276933
2021-08-14 06:00:00,15740.22,1.21570376600701,15860.61808472496
2021-08-14 07:00:00,15995.33,1.1243445764910445,15823.373458711721
2021-08-14 08:00:00,16726.58,1.1492607190863076,16611.46590689944
2021-08-14 09:00:00,17525.85,1.1990930042768346,17716.001567134706
2021-08-14 10:00:00,18310.36,1.3319790981182398,18691.172392654847
2021-08-14 11:00:00,18980.86,1.3735060024436787,19601.00472696562
2021-08-14 12:00:00,19301.43,1.4565598110945568,19684.0111025538
2021-08-14 13:00:00,19254.47,1.531308238880347,19705.11153300231
2021-08-14 14:00:00,19074.07,1.431643668499293,19263.61659966363
2021-08-14 15:00:00,18880.13,1.489781334554908,19201.642236209573
2021-08-14 16:00:00,18705.38,1.4482544302294689,19035.315003827865
2021-08-14 17:00:00,18684.99,1.3652006215785908,19035.725905778476
2021-08-14 18:00:00,18807.53,1.2904521937928006,19330.97182129202
2021-08-14 19:00:00,18585.39,1.1658714808164834,19197.7847572032
2021-08-14 20:00:00,18094.76,1.0745122913005174,18612.40650744768
2021-08-14 21:00:00,17895.28,0.9914584826496393,18374.456831571522
2021-08-14 22:00:00,17415.16,0.8834885314034978,17755.831553956927
2021-08-14 23:00:00,16783.47,0.7672131992922686,16810.087326342094
2021-08-15 00:00:00,16048.97,0.7173809141017417,16126.448996775871
2021-08-15 01:00:00,15324.02,0.6841593906413905,15492.29096156217
2021-08-15 02:00:00,14973.76,0.659243248046127,14937.92868648455
2021-08-15 03:00:00,14708.72,0.617716343720688,14824.640672605949
2021-08-15 04:00:00,14561.81,0.5512732967999855,14628.0065732466
2021-08-15 05:00:00,14516.45,0.4599141072840196,14724.881188788484
2021-08-15 06:00:00,14565.53,0.5429679159348977,14858.837149593272
2021-08-15 07:00:00,14864.29,0.6675486289112149,14962.303050819473
2021-08-15 08:00:00,15634.23,0.8419616270780588,15936.912170531989
2021-08-15 09:00:00,16610.35,0.9831531017845514,16882.92960530905
2021-08-15 10:00:00,17351.53,1.0579015295703418,17481.318555126687
2021-08-15 11:00:00,17696.95,1.1575660999513955,18241.663987374857
2021-08-15 12:00:00,17865.2,1.1658714808164834,18365.352804503455
2021-08-15 13:00:00,17824.28,1.182482242546659,18188.553030190284
2021-08-15 14:00:00,17597.52,1.1990930042768346,18087.13683329612
2021-08-15 15:00:00,17516.64,1.3319790981182398,17787.50941643418
2021-08-15 16:00:00,17590.57,1.2904521937928006,17833.43748007404
2021-08-15 17:00:00,17927.53,1.265536051197537,17966.916768591745
2021-08-15 18:00:00,18291.74,1.1990930042768346,18395.50529302447
2021-08-15 19:00:00,18273.78,1.0495961487052539,18383.78877112314
2021-08-15 20:00:00,18003.61,0.9997638635147272,18190.64497733759
2021-08-15 21:00:00,18022.03,0.8834885314034978,18043.79933188109
2021-08-15 22:00:00,17520.4,0.8834885314034978,17738.330493756315
2021-08-15 23:00:00,16610.19,0.8004347227526197,16951.468686836666
2021-08-16 00:00:00,15761.72,0.7173809141017417,16018.553459881869
2021-08-16 01:00:00,15274.86,0.7256862949668296,15455.804048877322
2021-08-16 02:00:00,14964.62,0.6011055819905124,15002.543671433945
2021-08-16 03:00:00,14756.22,0.5678840585301611,14881.400492717497
2021-08-16 04:00:00,14675.8,0.43499796468875623,14750.374375797468
2021-08-16 05:00:00,14740.83,0.5180517733396344,14900.428926045744
2021-08-16 06:00:00,15274.03,0.6011055819905124,15304.482163705456
2021-08-16 07:00:00,16264.53,0.8419616270780588,16316.481056825798
2021-08-16 08:00:00,17414.78,0.9914584826496393,17771.188873326744
2021-08-16 09:00:00,18417.95,1.0745122913005174,18552.36731338622
2021-08-16 10:00:00,18968.33,1.2073983851419225,18973.596803796954
2021-08-16 11:00:00,19234.54,1.2489252894673615,18554.322452519697
2021-08-16 12:00:00,19442.15,1.307062955522976,19236.563496469105
2021-08-16 13:00:00,19504.87,1.3652006215785908,19260.610773505145
2021-08-16 14:00:00,19537.55,1.4150329067691179,19373.35024028586
2021-08-16 15:00:00,19335.85,1.4482544302294689,18983.458395725163
2021-08-16 16:00:00,19374.7,1.3818113833087662,19361.703943856595
2021-08-16 17:00:00,19684.55,1.4233382876342051,19580.692471312985
2021-08-16 18:00:00,20018.73,1.340284478983327,19836.09082406254
2021-08-16 19:00:00,19805.29,1.2821468129277127,19534.507975451743
2021-08-16 20:00:00,19368.66,1.1409553382212199,19250.178846145107
2021-08-16 21:00:00,19301.36,1.1077338147608686,19137.219968388996
2021-08-16 22:00:00,18525.89,1.0662069104354295,18652.78696549804
2021-08-16 23:00:00,17512.98,0.9333208165940248,17325.817644878764
2021-08-17 00:00:00,16427.02,0.9416261974591124,16515.429225918015
2021-08-17 01:00:00,15949.46,0.9084046739987612,15881.055493783662
2021-08-17 02:00:00,15639.92,0.8336562462129711,15523.349908748518
2021-08-17 03:00:00,15354.44,0.8751831505384101,15219.58107044622
2021-08-17 04:00:00,15159.78,0.8502670079431467,15096.969471545206
2021-08-17 05:00:00,15208.13,0.792129341887532,15096.927300477444
2021-08-17 06:00:00,15611.57,0.8336562462129711,15529.99366422227
2021-08-17 07:00:00,16550.88,0.9831531017845514,16504.917210577078
2021-08-17 08:00:00,17856.0,1.0662069104354295,17811.113984514643
2021-08-17 09:00:00,18619.84,1.2073983851419225,18571.304303104058
2021-08-17 10:00:00,19019.68,1.224009146872098,18737.12510105775
2021-08-17 11:00:00,19346.49,1.2073983851419225,19173.9638225163
2021-08-17 12:00:00,19643.44,1.2489252894673615,19541.674583341384
2021-08-17 13:00:00,19571.65,1.3735060024436787,19446.2282650209
2021-08-17 14:00:00,19537.01,1.4150329067691179,19430.69662311964
2021-08-17 15:00:00,19367.19,1.298757574657888,19072.122431620362
2021-08-17 16:00:00,19331.66,1.298757574657888,19223.647732082518
2021-08-17 17:00:00,19653.69,1.2323145277371856,19516.225766260308
2021-08-17 18:00:00,20029.47,1.132649957356132,19834.47375097941
2021-08-17 19:00:00,19972.28,1.1492607190863076,19767.659361949878
2021-08-17 20:00:00,19645.21,1.132649957356132,19333.695190162885
2021-08-17 21:00:00,19518.27,1.1160391956259565,19371.81479370125
2021-08-17 22:00:00,18918.21,1.1160391956259565,18783.547542221633
2021-08-17 23:00:00,18055.79,1.1160391956259565,17624.591353109176
2021-08-18 00:00:00,16959.32,1.1160391956259565,16767.219826340788
2021-08-18 01:00:00,16430.21,1.1160391956259565,16170.088331444385
2021-08-18 02:00:00,15920.52,1.091123053030693,15768.524960305727
2021-08-18 03:00:00,15581.18,1.099428433895781,15439.992520766778
2021-08-18 04:00:00,15334.49,1.099428433895781,15366.32980995131
2021-08-18 05:00:00,15360.86,1.1077338147608686,15354.473890163063
2021-08-18 06:00:00,15946.77,1.132649957356132,15611.948932338446
2021-08-18 07:00:00,17078.33,1.174176861681571,16667.273417284436
2021-08-18 08:00:00,18336.69,1.2323145277371856,17746.573280716777
2021-08-18 09:00:00,19208.67,1.2572306703324492,18449.280986985937
2021-08-18 10:00:00,19680.27,1.523002858015259,18968.37399004519
2021-08-18 11:00:00,20055.39,1.614362047531225,19548.7925738282
2021-08-18 12:00:00,20338.66,1.6475835709915763,20076.93352478338
2021-08-18 13:00:00,20555.21,1.7306373796424543,20159.932223624368
2021-08-18 14:00:00,20759.11,1.7638589031028054,20329.790485076304
2021-08-18 15:00:00,20778.03,1.7555535222377174,20488.790244024975
2021-08-18 16:00:00,20738.68,1.7140266179122785,20652.321111954054
2021-08-18 17:00:00,20968.29,1.6558889518566642,20802.50534001639
2021-08-18 18:00:00,21415.37,1.614362047531225,21117.61250479037
2021-08-18 19:00:00,21101.93,1.5396136197454349,20898.581457118762
2021-08-18 20:00:00,20779.95,1.4233382876342051,20405.95196136761
2021-08-18 21:00:00,20706.39,1.340284478983327,20209.78823968755
2021-08-18 22:00:00,20123.7,1.298757574657888,19383.368397699334
2021-08-18 23:00:00,18962.56,1.265536051197537,18600.468398126428
2021-08-19 00:00:00,17724.49,1.2323145277371856,17248.154661198838
2021-08-19 01:00:00,16986.51,1.1575660999513955,16711.94786880024
2021-08-19 02:00:00,16540.48,1.132649957356132,16293.935904095535
2021-08-19 03:00:00,16228.99,1.1907876234117467,15977.725446729331
2021-08-19 04:00:00,16051.08,1.174176861681571,15658.493021909748
2021-08-19 05:00:00,15923.33,1.1658714808164834,15605.80981515705
2021-08-19 06:00:00,16524.32,1.174176861681571,16079.803762565136
2021-08-19 07:00:00,17445.89,1.224009146872098,17180.667489756568
2021-08-19 08:00:00,18725.97,1.2821468129277127,18386.064378827457
2021-08-19 09:00:00,19427.21,1.2904521937928006,19173.124805604082
2021-08-19 10:00:00,19849.65,1.3568952407135029,19424.83644248413
2021-08-19 11:00:00,20019.45,1.340284478983327,20097.64125193172
2021-08-19 12:00:00,20312.22,1.398422145038942,20205.47079136747
2021-08-19 13:00:00,20460.62,1.4233382876342051,20071.311608810232
2021-08-19 14:00:00,20677.62,1.4482544302294689,20190.2561006308
2021-08-19 15:00:00,20584.95,1.4482544302294689,20404.48980421689
2021-08-19 16:00:00,20503.21,1.439949049364381,20126.787949479378
2021-08-19 17:00:00,20545.11,1.4233382876342051,20291.78478513507
2021-08-19 18:00:00,20803.75,1.3818113833087662,20714.55226559421
2021-08-19 19:00:00,20810.83,1.2904521937928006,20608.0809274919
2021-08-19 20:00:00,20628.38,1.2738414320626248,20419.530635489973
2021-08-19 21:00:00,20551.94,1.2406199086022736,20255.881123005416
2021-08-19 22:00:00,19927.04,1.2406199086022736,19584.772075739125
2021-08-19 23:00:00,18874.01,1.224009146872098,18716.711809991713
2021-08-20 00:00:00,17733.41,1.2406199086022736,17377.622428829436
2021-08-20 01:00:00,16906.03,1.2323145277371856,16717.535006454997
2021-08-20 02:00:00,16503.88,1.174176861681571,16161.195891214824
2021-08-20 03:00:00,16176.98,1.182482242546659,15812.1128005441
2021-08-20 04:00:00,15993.75,1.091123053030693,15539.382604909646
2021-08-20 05:00:00,15979.62,1.0412907678401664,15529.41556977263
2021-08-20 06:00:00,16360.49,1.0329853869750785,16170.589573178062
2021-08-20 07:00:00,17253.2,1.174176861681571,17148.770433876936
2021-08-20 08:00:00,18537.71,1.2821468129277127,18222.509360069453
2021-08-20 09:00:00,19394.21,1.4482544302294689,19279.88392988071
2021-08-20 10:00:00,20289.26,1.581140524070874,19963.436587846012
2021-08-20 11:00:00,20697.55,1.7057212370471913,20325.805723078454
2021-08-20 12:00:00,21009.75,1.7804696648329814,20397.57295523415
2021-08-20 13:00:00,21209.7,1.8801342352140347,20756.430391423313
2021-08-20 14:00:00,21259.93,1.8884396160791226,20927.053611624895
2021-08-20 15:00:00,21228.24,1.9299665204045615,21368.802757807287
2021-08-20 16:00:00,21302.96,1.9299665204045615,21256.67246045229
2021-08-20 17:00:00,21154.31,1.8552180926187716,21044.16453151493
2021-08-20 18:00:00,21333.31,1.7555535222377174,21115.47634870355
2021-08-20 19:00:00,21214.74,1.6808050944519273,20822.0681141994
2021-08-20 20:00:00,20757.92,1.6060566666661371,20422.95403569381
2021-08-20 21:00:00,20548.7,1.523002858015259,20140.40540647654
2021-08-20 22:00:00,19911.17,1.498086715419996,19813.90862837432
2021-08-20 23:00:00,19001.1,1.4233382876342051,19020.845142782182
2021-08-21 00:00:00,18004.76,1.3319790981182398,17853.84878500018
2021-08-21 01:00:00,17125.78,1.2904521937928006,17071.022956469875
2021-08-21 02:00:00,16550.82,1.2323145277371856,16670.88907018874
2021-08-21 03:00:00,16214.3,1.2073983851419225,16289.394531107517
2021-08-21 04:00:00,15994.05,1.1409553382212199,16018.364416061875
2021-08-21 05:00:00,15817.36,1.174176861681571,15921.74597429586
2021-08-21 06:00:00,15948.17,1.21570376600701,16256.645729613087
2021-08-21 07:00:00,16275.43,1.2738414320626248,16615.97066683562
2021-08-21 08:00:00,17064.8,1.40672752590403,17164.69177020704
2021-08-21 09:00:00,18088.77,1.5396136197454349,18171.171653472345
2021-08-21 10:00:00,19139.01,1.7223319987773664,19386.788817338747
2021-08-21 11:00:00,19821.18,1.8635234734838595,20131.06784362381
2021-08-21 12:00:00,20378.27,1.9797988055950886,20980.221398884187
2021-08-21 13:00:00,20651.34,2.0462418525157915,21354.53806988746
2021-08-21 14:00:00,20552.88,2.0960741377063177,21234.1694177161
2021-08-21 15:00:00,20407.94,2.1126848994364935,21269.25391744356
2021-08-21 16:00:00,20495.83,2.0960741377063177,20827.518431716053
2021-08-21 17:00:00,20523.26,1.9797988055950886,20567.88239962275
2021-08-21 18:00:00,20498.57,1.9299665204045615,20781.752217228866
2021-08-21 19:00:00,20340.01,1.7970804265631566,20563.474372752302
2021-08-21 20:00:00,20041.83,1.7057212370471913,20190.91429643087
2021-08-21 21:00:00,19912.01,1.6060566666661371,19949.23382920359
2021-08-21 22:00:00,19195.94,1.5645297623406982,19470.91609780862
2021-08-21 23:00:00,18521.23,1.4731705728247322,18706.08098498423
2021-08-22 00:00:00,17697.58,1.4233382876342051,17944.23608250826
2021-08-22 01:00:00,16782.6,1.431643668499293,17462.91432923511
2021-08-22 02:00:00,16321.33,1.390116764173854,16970.55168903474
2021-08-22 03:00:00,15927.45,1.3568952407135029,16624.702530534407
2021-08-22 04:00:00,15748.86,1.340284478983327,16431.57766144247
2021-08-22 05:00:00,15657.74,1.3236737172531516,16180.071061128829
2021-08-22 06:00:00,15566.26,1.3652006215785908,16109.162168698616
2021-08-22 07:00:00,15732.43,1.398422145038942,16256.80436914113
2021-08-22 08:00:00,16563.92,1.489781334554908,17017.847160938054
2021-08-22 09:00:00,17510.95,1.5396136197454349,17976.36830921572
2021-08-22 10:00:00,18485.43,1.6309728092614004,18824.031841144482
2021-08-22 11:00:00,19333.61,1.7721642839678933,19467.599791349745
2021-08-22 12:00:00,19886.17,1.8884396160791226,20505.937417818357
2021-08-22 13:00:00,20155.71,1.8884396160791226,20791.336437740167
2021-08-22 14:00:00,19994.34,1.9465772821347376,20799.826938775088
2021-08-22 15:00:00,19878.11,1.9050503778092984,20797.84747729319
2021-08-22 16:00:00,20001.81,1.9465772821347376,20855.60881560319
2021-08-22 17:00:00,20317.22,1.8967449969442105,20995.367442515028
2021-08-22 18:00:00,20683.24,1.8053858074282445,21074.941051909867
2021-08-22 19:00:00,20616.15,1.7140266179122785,21236.49857717462
2021-08-22 20:00:00,20424.6,1.6060566666661371,21052.784466355046
2021-08-22 21:00:00,20240.55,1.498086715419996,20791.736709240322
2021-08-22 22:00:00,19477.88,1.431643668499293,19768.448988801847
2021-08-22 23:00:00,18386.54,1.40672752590403,18731.86603574602
2021-08-23 00:00:00,17547.6,1.398422145038942,17806.66103964858
2021-08-23 01:00:00,16786.93,1.348589859848415,16766.08573932185
2021-08-23 02:00:00,16420.76,1.2572306703324492,16269.495351545482
2021-08-23 03:00:00,16140.71,1.2406199086022736,15884.144682084652
2021-08-23 04:00:00,15980.66,1.1492607190863076,15505.742334736904
2021-08-23 05:00:00,16047.68,1.1575660999513955,15626.037290775495
2021-08-23 06:00:00,16657.75,1.182482242546659,15926.106450349142
2021-08-23 07:00:00,17613.61,1.2738414320626248,17169.68828489598
2021-08-23 08:00:00,18947.82,1.3652006215785908,18458.51951539762
2021-08-23 09:00:00,19868.24,1.48147595368982,19343.32432350781
2021-08-23 10:00:00,20282.5,1.614362047531225,20067.783427512804
2021-08-23 11:00:00,20695.36,1.6558889518566642,20442.317621706647
2021-08-23 12:00:00,21032.98,1.664194332721752,20797.810415411644
2021-08-23 13:00:00,21219.17,1.7638589031028054,21118.878272890048
2021-08-23 14:00:00,21360.17,1.8718288543489474,21604.690228560292
2021-08-23 15:00:00,21320.02,1.7638589031028054,21208.913739846423
2021-08-23 16:00:00,21284.71,1.7638589031028054,21311.342819465197
2021-08-23 17:00:00,21471.9,1.7306373796424543,21507.609548984103
2021-08-23 18:00:00,21853.67,1.6891104753170152,21885.63131307059
2021-08-23 19:00:00,21590.22,1.6309728092614004,21624.68348753163
2021-08-23 20:00:00,21006.7,1.5479190006105223,21370.122521461
2021-08-23 21:00:00,21136.33,1.4731705728247322,21140.21436699483
2021-08-23 22:00:00,20280.73,1.40672752590403,20150.124417315466
2021-08-23 23:00:00,19115.94,1.3236737172531516,18768.987655713794
2021-08-24 00:00:00,17870.42,1.3236737172531516,17682.593297447005
2021-08-24 01:00:00,17091.55,1.2821468129277127,16976.818571491407
2021-08-24 02:00:00,16794.19,1.224009146872098,16482.426504892006
2021-08-24 03:00:00,16441.22,1.182482242546659,16021.107979829323
2021-08-24 04:00:00,16320.49,1.2406199086022736,16182.206915172786
2021-08-24 05:00:00,16240.97,1.2406199086022736,16275.818273364848
2021-08-24 06:00:00,16744.56,1.2821468129277127,16777.456202936297
2021-08-24 07:00:00,17767.07,1.348589859848415,17462.887941554516
2021-08-24 08:00:00,19222.9,1.498086715419996,19000.039035945832
2021-08-24 09:00:00,19942.05,1.489781334554908,19670.511466008677
2021-08-24 10:00:00,20722.65,1.7057212370471913,20264.7755068568
2021-08-24 11:00:00,20982.59,1.8136911882933324,20725.23225050489
2021-08-24 12:00:00,21421.21,1.8967449969442105,21129.856417599192
2021-08-24 13:00:00,21596.92,1.9797988055950886,21422.01795514774
2021-08-24 14:00:00,21707.5,2.0379364716507036,21420.35572501575
2021-08-24 15:00:00,21532.01,2.0047149481903523,21031.067614940912
2021-08-24 16:00:00,21599.59,1.9881041864601765,21285.71670084097
2021-08-24 17:00:00,22026.27,1.9216611395394736,21599.317058295204
2021-08-24 18:00:00,22194.62,1.8386073308885955,21901.86818436043
2021-08-24 19:00:00,21922.36,1.6808050944519273,21728.064497702962
2021-08-24 20:00:00,21323.65,1.581140524070874,21307.08562691622
2021-08-24 21:00:00,21233.45,1.4731705728247322,21227.7362298319
2021-08-24 22:00:00,20249.13,1.3568952407135029,20242.662035023375
2021-08-24 23:00:00,19119.44,1.2904521937928006,19151.09872652036
2021-08-25 00:00:00,17875.32,1.2738414320626248,17700.014581895713
2021-08-25 01:00:00,17167.11,1.2323145277371856,17099.152529542072
2021-08-25 02:00:00,16714.21,1.1658714808164834,16709.170031121317
2021-08-25 03:00:00,16321.86,1.1243445764910445,16524.502474022862
2021-08-25 04:00:00,16177.02,1.091123053030693,16219.333261722288
2021-08-25 05:00:00,16170.58,1.0662069104354295,16034.255522220017
2021-08-25 06:00:00,16658.91,1.1243445764910445,16695.606651323662
2021-08-25 07:00:00,17548.85,1.2821468129277127,17769.017060266695
2021-08-25 08:00:00,18947.81,1.431643668499293,19363.52708211373
2021-08-25 09:00:00,20034.71,1.5562243814756103,20302.124089698285
2021-08-25 10:00:00,20491.55,1.6309728092614004,20689.160062789775
2021-08-25 11:00:00,20834.1,1.8136911882933324,20850.07051911508
2021-08-25 12:00:00,21254.45,1.8552180926187716,21251.088453536096
2021-08-25 13:00:00,21624.54,1.9133557586743863,21222.14495992323
2021-08-25 14:00:00,21754.98,1.8718288543489474,22139.71233874529
2021-08-25 15:00:00,21630.58,1.9548826629998255,20986.187452304468
2021-08-25 16:00:00,21615.58,1.9797988055950886,21410.42836886684
2021-08-25 17:00:00,21997.81,1.9382719012696497,21711.01985656578
2021-08-25 18:00:00,21958.45,1.8136911882933324,21611.4291796386
2021-08-25 19:00:00,21656.56,1.7389427605075423,21379.498865842957
2021-08-25 20:00:00,21414.12,1.664194332721752,20825.47855687748
2021-08-25 21:00:00,21426.5,1.6060566666661371,20935.91597459772
2021-08-25 22:00:00,20515.33,1.5479190006105223,20520.764848196264
2021-08-25 23:00:00,19304.54,1.489781334554908,19537.153431149967
2021-08-26 00:00:00,18126.6,1.4565598110945568,18442.06525202357
2021-08-26 01:00:00,17476.88,1.4482544302294689,17635.683920770305
2021-08-26 02:00:00,16928.82,1.431643668499293,17348.062477107815
2021-08-26 03:00:00,16718.75,1.3568952407135029,16723.714343973046
2021-08-26 04:00:00,16447.12,1.3735060024436787,16634.635171855196
2021-08-26 05:00:00,16620.7,1.3652006215785908,16344.098088637062
2021-08-26 06:00:00,17063.58,1.3735060024436787,16862.448621784133
2021-08-26 07:00:00,18045.91,1.4565598110945568,17491.02805295818
2021-08-26 08:00:00,19500.09,1.5562243814756103,19044.351396409147
2021-08-26 09:00:00,20388.3,1.6724997135868394,19985.50352846659
2021-08-26 10:00:00,20970.01,1.8053858074282445,20694.957367968804
2021-08-26 11:00:00,21434.08,1.8053858074282445,20990.052590309926
2021-08-26 12:00:00,21811.57,1.8718288543489474,21548.588116882962
2021-08-26 13:00:00,21970.74,1.9797988055950886,22050.326331855373
2021-08-26 14:00:00,22156.15,2.01302032905544,22180.74128623336
2021-08-26 15:00:00,22013.22,2.0213257099205277,22446.074226526027
2021-08-26 16:00:00,22040.66,2.01302032905544,22265.310426085976
2021-08-26 17:00:00,22126.0,1.9382719012696497,22462.160692316105
2021-08-26 18:00:00,22154.52,1.8303019500235083,22353.87368450826
2021-08-26 19:00:00,21879.93,1.6974158561821031,22243.460191741375
2021-08-26 20:00:00,21370.43,1.6060566666661371,21918.728160659517
2021-08-26 21:00:00,21118.09,1.4565598110945568,21619.829446901284
2021-08-26 22:00:00,20264.24,1.398422145038942,20386.068040006776
2021-08-26 23:00:00,19204.92,1.3236737172531516,19044.275647288574
2021-08-27 00:00:00,18012.76,1.340284478983327,18118.461613407722
2021-08-27 01:00:00,17144.45,1.298757574657888,17249.31998983319
2021-08-27 02:00:00,16644.26,1.1907876234117467,16396.036134546022
2021-08-27 03:00:00,16335.79,1.1658714808164834,16261.132002624627
2021-08-27 04:00:00,16028.06,1.0579015295703418,16010.002644690929
2021-08-27 05:00:00,16077.07,0.9831531017845514,16090.506172477597
2021-08-27 06:00:00,16529.28,0.9250154357289369,16384.540622959223
2021-08-27 07:00:00,17300.77,0.8834885314034978,16954.782700107735
2021-08-27 08:00:00,18442.29,0.9250154357289369,18371.713754986544
2021-08-27 09:00:00,19032.0,1.0412907678401664,19570.029089547636
2021-08-27 10:00:00,19388.89,1.091123053030693,19585.71671348265
2021-08-27 11:00:00,19555.36,1.0745122913005174,19548.237436543383
2021-08-27 12:00:00,19520.01,1.1492607190863076,19996.43079629269
2021-08-27 13:00:00,19399.16,1.182482242546659,19632.644787193447
2021-08-27 14:00:00,19036.22,1.21570376600701,19396.358416016377
2021-08-27 15:00:00,18879.47,1.265536051197537,19615.95054154564
2021-08-27 16:00:00,18617.53,1.2821468129277127,19485.25267454228
2021-08-27 17:00:00,18808.9,1.182482242546659,19393.064287959838
2021-08-27 18:00:00,19076.95,1.1160391956259565,19659.450324166937
2021-08-27 19:00:00,18763.63,1.008069244379815,19303.476528455758
2021-08-27 20:00:00,18519.98,1.0246800061099905,19040.306805644774
2021-08-27 21:00:00,18497.32,1.0579015295703418,19122.912027357084
2021-08-27 22:00:00,17820.38,1.0246800061099905,18267.355874940495
2021-08-27 23:00:00,17163.82,1.0329853869750785,17555.031768239358
2021-08-28 00:00:00,16202.35,0.9748477209194638,16467.12222522936
2021-08-28 01:00:00,15625.12,0.9084046739987612,15789.87699853812
2021-08-28 02:00:00,15196.06,0.792129341887532,15410.978857296415
2021-08-28 03:00:00,14967.06,0.7422970566970051,15192.665377296667
2021-08-28 04:00:00,14847.22,0.7256862949668296,15156.965715909602
2021-08-28 05:00:00,14834.45,0.6343271054508636,15254.939797971652
2021-08-28 06:00:00,14906.53,0.6675486289112149,15583.050417204475
2021-08-28 07:00:00,15425.82,0.709075533236654,15716.754991612559
2021-08-28 08:00:00,15925.15,0.7339916758319172,16319.348735481646
2021-08-28 09:00:00,16754.85,0.8004347227526197,17126.37995559872
2021-08-28 10:00:00,17384.79,0.750602437562093,17620.961671281846
2021-08-28 11:00:00,17556.71,0.750602437562093,18017.929116160543
2021-08-28 12:00:00,17774.35,0.8751831505384101,18307.23110544815
2021-08-28 13:00:00,17927.68,0.9748477209194638,18109.87074584024
2021-08-28 14:00:00,17672.2,0.9831531017845514,17735.118697731294
2021-08-28 15:00:00,17370.93,0.8585723888082343,17131.498658105702
2021-08-28 16:00:00,17232.47,0.8253508653478832,16814.77441946032
2021-08-28 17:00:00,17546.5,0.8336562462129711,17289.565874412638
2021-08-28 18:00:00,17892.3,0.8585723888082343,17549.118656397182
2021-08-28 19:00:00,17892.85,0.8502670079431467,17667.661979998673
2021-08-28 20:00:00,17769.9,0.8668777696733222,17437.573404001145
2021-08-28 21:00:00,17523.24,0.8502670079431467,17520.790807498055
2021-08-28 22:00:00,17087.77,0.8336562462129711,16992.197876547652
2021-08-28 23:00:00,16451.29,0.792129341887532,16452.134374046138
2021-08-29 00:00:00,15797.41,0.792129341887532,15721.886514330312
2021-08-29 01:00:00,15139.61,0.7672131992922686,15218.084983981844
2021-08-29 02:00:00,14839.89,0.7755185801573562,14971.314970644125
2021-08-29 03:00:00,14672.46,0.6924647715064781,14791.712511303142
2021-08-29 04:00:00,14509.48,0.6924647715064781,14714.21993396207
2021-08-29 05:00:00,14467.82,0.6924647715064781,14817.388170666456
2021-08-29 06:00:00,14679.63,0.709075533236654,14777.002108797418
2021-08-29 07:00:00,15006.43,0.6758540097763026,15139.754188240513
2021-08-29 08:00:00,15713.22,0.750602437562093,15703.27653219217
2021-08-29 09:00:00,16485.22,0.9499315783242003,16456.869933086356
2021-08-29 10:00:00,17187.14,1.0745122913005174,17279.075021086603
2021-08-29 11:00:00,17816.73,1.0412907678401664,17676.33329286719
2021-08-29 12:00:00,18077.65,1.0329853869750785,17768.62740791379
2021-08-29 13:00:00,18218.75,0.9582369591892882,17738.77018417653
2021-08-29 14:00:00,18034.57,1.1492607190863076,17761.47722374094
2021-08-29 15:00:00,17855.14,1.1658714808164834,17310.072111258356
2021-08-29 16:00:00,17900.56,1.1492607190863076,17619.682992868828
2021-08-29 17:00:00,18508.31,1.1243445764910445,18237.394642679206
2021-08-29 18:00:00,19045.41,1.1492607190863076,18455.685489789314
2021-08-29 19:00:00,19122.43,1.1243445764910445,18648.056674417123
2021-08-29 20:00:00,18962.77,1.099428433895781,18598.732992959205
2021-08-29 21:00:00,18809.31,1.091123053030693,18462.493769276814
2021-08-29 22:00:00,17999.47,1.0745122913005174,17720.295394625624
2021-08-29 23:00:00,17183.34,1.0828176721656053,16947.644974962932
2021-08-30 00:00:00,16251.35,1.091123053030693,16095.174998354398
2021-08-30 01:00:00,15552.97,1.091123053030693,15615.571744884628
2021-08-30 02:00:00,15149.21,1.1160391956259565,15338.341226755309
2021-08-30 03:00:00,14943.73,1.132649957356132,15254.896825786474
2021-08-30 04:00:00,14827.99,1.1492607190863076,14823.608953049292
2021-08-30 05:00:00,15013.11,1.1409553382212199,15021.992368862135
2021-08-30 06:00:00,15538.11,1.1658714808164834,15665.000105624022
2021-08-30 07:00:00,17003.09,1.21570376600701,16600.63603870554
2021-08-30 08:00:00,18384.15,1.2323145277371856,17769.210414046447
2021-08-30 09:00:00,19139.48,1.3319790981182398,18593.790756686238
2021-08-30 10:00:00,19318.36,1.5063920962850832,19271.460958412372
2021-08-30 11:00:00,19720.36,1.5977512858010492,19956.72105745541
2021-08-30 12:00:00,20100.61,1.664194332721752,20012.303067045617
2021-08-30 13:00:00,20051.07,1.6309728092614004,20234.331645262817
2021-08-30 14:00:00,20211.48,1.7223319987773664,20548.713866352064
2021-08-30 15:00:00,20087.12,1.6891104753170152,20482.617994269953
2021-08-30 16:00:00,20041.82,1.6392781901264883,20811.11279421326
2021-08-30 17:00:00,20421.89,1.5977512858010492,20975.684065791524
2021-08-30 18:00:00,20889.15,1.5146974771501711,21429.17198311364
2021-08-30 19:00:00,20608.76,1.3236737172531516,21047.487826819317
2021-08-30 20:00:00,20295.14,1.2323145277371856,20707.30459173398
2021-08-30 21:00:00,20200.16,1.174176861681571,20441.444586174348
2021-08-30 22:00:00,19183.12,1.182482242546659,19554.752623535627
2021-08-30 23:00:00,17962.5,1.132649957356132,18438.431842886926
2021-08-31 00:00:00,16909.88,1.0828176721656053,17101.558846497144
2021-08-31 01:00:00,16363.47,1.0412907678401664,16223.566731236706
2021-08-31 02:00:00,15738.41,0.9831531017845514,15858.7653856205
2021-08-31 03:00:00,15442.88,0.9000992931336733,15426.004501728205
2021-08-31 04:00:00,15065.37,0.8502670079431467,15300.690053829057
2021-08-31 05:00:00,15348.45,0.792129341887532,15310.493385369897
2021-08-31 06:00:00,15824.86,0.8336562462129711,15768.602024174601
2021-08-31 07:00:00,16922.57,0.9582369591892882,17024.626871288903
2021-08-31 08:00:00,18373.06,1.0662069104354295,18627.73284067107
2021-08-31 09:00:00,18733.86,1.1492607190863076,19325.15240264579
2021-08-31 10:00:00,19155.32,1.2489252894673615,19211.50276518012
2021-08-31 11:00:00,19324.3,1.3319790981182398,19461.04266530833
2021-08-31 12:00:00,19359.21,1.3735060024436787,19679.631574696145
2021-08-31 13:00:00,19452.94,1.4648651919596443,19911.715607825085
2021-08-31 14:00:00,19356.9,1.4233382876342051,19525.170552329393
2021-08-31 15:00:00,19153.17,1.4731705728247322,19505.015272875895
2021-08-31 16:00:00,19238.7,1.4565598110945568,19430.136933629572
2021-08-31 17:00:00,19436.42,1.4150329067691179,19727.484555980867
2021-08-31 18:00:00,19827.91,1.3236737172531516,20161.750198454793
2021-08-31 19:00:00,19598.68,1.1907876234117467,19747.427608071317
2021-08-31 20:00:00,19469.97,1.1243445764910445,19499.96323584395
2021-08-31 21:00:00,19311.52,1.0163746252449029,19361.308087111818
2021-08-31 22:00:00,18435.8,0.9250154357289369,18498.797378204763
2021-08-31 23:00:00,17357.48,0.8751831505384101,17442.26664225376
2021-09-01 00:00:00,16398.29,0.7838239610224441,16338.146096806251
2021-09-01 01:00:00,15716.17,0.7589078184271807,15711.898775755617
2021-09-01 02:00:00,15353.41,0.6426324863159515,15136.056326031221
2021-09-01 03:00:00,15078.66,0.5097463924745465,14923.841500970912
2021-09-01 04:00:00,14939.83,0.5512732967999855,14858.413459326654
2021-09-01 05:00:00,15038.66,0.5180517733396344,15094.112067258462
2021-09-01 06:00:00,15551.26,0.6343271054508636,15700.589370441508
2021-09-01 07:00:00,16805.45,0.750602437562093,16745.697484948138
2021-09-01 08:00:00,17997.39,0.7589078184271807,18113.00265427266
2021-09-01 09:00:00,18496.37,0.8585723888082343,18492.07558205313
2021-09-01 10:00:00,18726.06,0.9250154357289369,18774.688104629917
2021-09-01 11:00:00,18895.71,1.0329853869750785,18972.394938937257
2021-09-01 12:00:00,18967.61,1.1658714808164834,19277.062207087663
2021-09-01 13:00:00,18831.8,1.2572306703324492,19282.49284176292
2021-09-01 14:00:00,18705.52,1.2406199086022736,19160.36589232903
2021-09-01 15:00:00,18592.74,1.21570376600701,18492.24721531518
2021-09-01 16:00:00,18746.25,1.224009146872098,18779.770530180467
2021-09-01 17:00:00,18948.31,1.174176861681571,18707.35436072498
2021-09-01 18:00:00,19341.92,1.132649957356132,19295.25855197257
2021-09-01 19:00:00,19296.36,1.0329853869750785,19144.526830220417
2021-09-01 20:00:00,19229.05,0.8751831505384101,18831.80027753113
2021-09-01 21:00:00,19046.02,0.8751831505384101,19026.70359009083
2021-09-01 22:00:00,18233.04,0.8253508653478832,18181.01880810409
2021-09-01 23:00:00,17287.86,0.792129341887532,17218.313882503648
2021-09-02 00:00:00,16280.74,0.6509378671810392,16216.795560104523
2021-09-02 01:00:00,15711.81,0.5761894393952489,15532.595895477645
2021-09-02 02:00:00,15276.04,0.4848302498792831,15170.772563827142
2021-09-02 03:00:00,15023.95,0.3934710603633172,14926.545867581983
2021-09-02 04:00:00,15084.01,0.3851656794982293,14737.289065633915
2021-09-02 05:00:00,15209.68,0.35194415603787815,14927.939879427922
2021-09-02 06:00:00,15699.15,0.3602495369029659,15328.042697720282
2021-09-02 07:00:00,16975.03,0.4266925838236683,16296.766717145196
2021-09-02 08:00:00,18144.22,0.6011055819905124,17805.690748993922
2021-09-02 09:00:00,18376.75,0.6841593906413905,18271.069577880033
2021-09-02 10:00:00,18732.01,0.7589078184271807,18408.287658170786
2021-09-02 11:00:00,18830.69,0.8419616270780588,18490.716809130052
2021-09-02 12:00:00,18857.37,0.8668777696733222,18629.23489572954
2021-09-02 13:00:00,18705.94,0.9167100548638492,18505.92283908777
2021-09-02 14:00:00,18644.19,0.9416261974591124,18416.72528981687
2021-09-02 15:00:00,18352.15,0.9748477209194638,18164.376367863853
2021-09-02 16:00:00,18313.34,0.9250154357289369,18298.79487062946
2021-09-02 17:00:00,18637.06,0.8585723888082343,18759.03901451632
2021-09-02 18:00:00,19158.11,0.8087401036177077,18879.206560251027
2021-09-02 19:00:00,19256.72,0.6260217245857758,18834.88197707703
2021-09-02 20:00:00,19338.75,0.6260217245857758,18594.039432749843
2021-09-02 21:00:00,18981.81,0.5678840585301611,18638.840126238985
2021-09-02 22:00:00,18250.9,0.5429679159348977,17954.39589517226
2021-09-02 23:00:00,17280.66,0.5346625350698099,16984.463472460295
2021-09-03 00:00:00,16313.09,0.5429679159348977,16123.98317959864
2021-09-03 01:00:00,15722.92,0.5761894393952489,15535.271398272913
2021-09-03 02:00:00,15248.07,0.5263571542047221,15208.887499255277
2021-09-03 03:00:00,15004.29,0.4266925838236683,14962.456860411381
2021-09-03 04:00:00,14965.77,0.4266925838236683,15076.882119633949
2021-09-03 05:00:00,14969.85,0.401776441228405,15129.890745486608
2021-09-03 06:00:00,15495.79,0.44330334555384404,15609.586589065102
2021-09-03 07:00:00,16740.0,0.617716343720688,16790.338586568094
2021-09-03 08:00:00,17933.13,0.750602437562093,18034.763421542222
2021-09-03 09:00:00,18614.87,0.8585723888082343,18444.71291921276
2021-09-03 10:00:00,18639.05,0.8751831505384101,18656.171701289615
2021-09-03 11:00:00,18825.24,1.0412907678401664,18816.170710257935
2021-09-03 12:00:00,18817.24,1.0579015295703418,18548.61250826128
2021-09-03 13:00:00,18740.58,1.2323145277371856,18451.53617443245
2021-09-03 14:00:00,18686.16,1.182482242546659,18492.860013531415
2021-09-03 15:00:00,18533.25,1.182482242546659,17990.073315139933
2021-09-03 16:00:00,18404.85,1.1990930042768346,18212.024557308472
2021-09-03 17:00:00,18603.6,1.224009146872098,18589.672066388004
2021-09-03 18:00:00,18897.09,1.132649957356132,18934.68978028094
2021-09-03 19:00:00,18651.52,1.0246800061099905,18825.123777366392
2021-09-03 20:00:00,18423.06,0.9748477209194638,18712.738244448003
2021-09-03 21:00:00,18294.97,0.8585723888082343,18433.631281194615
2021-09-03 22:00:00,17539.08,0.7755185801573562,17934.91791333835
2021-09-03 23:00:00,16722.22,0.700770152371566,17090.134838662383
2021-09-04 00:00:00,16203.11,0.6426324863159515,16176.403128202588
2021-09-04 01:00:00,15389.02,0.6260217245857758,15539.30530787356
2021-09-04 02:00:00,15097.03,0.617716343720688,15120.34071144069
2021-09-04 03:00:00,14842.78,0.6094109628556001,14915.968225685221
2021-09-04 04:00:00,14706.14,0.5595786776650734,14758.192036069273
2021-09-04 05:00:00,14704.49,0.5097463924745465,14711.534079560153
2021-09-04 06:00:00,14916.67,0.49313563074437083,14884.469042388762
2021-09-04 07:00:00,15307.47,0.659243248046127,15423.545393378283
2021-09-04 08:00:00,16143.9,0.7589078184271807,16306.104050311189
2021-09-04 09:00:00,16963.68,0.8834885314034978,17145.613747838037
2021-09-04 10:00:00,17561.74,1.008069244379815,17720.857140594
2021-09-04 11:00:00,17858.19,1.1409553382212199,18180.89734722644
2021-09-04 12:00:00,17956.16,1.2406199086022736,18181.595188319487
2021-09-04 13:00:00,17738.6,1.298757574657888,18120.078298477805
2021-09-04 14:00:00,17533.65,1.3319790981182398,17980.86015149982
2021-09-04 15:00:00,17400.45,1.3652006215785908,17625.27155113988
2021-09-04 16:00:00,17325.53,1.2489252894673615,17262.503957035475
2021-09-04 17:00:00,17700.71,1.2323145277371856,17582.83837444839
2021-09-04 18:00:00,17777.47,1.1492607190863076,18103.82275842172
2021-09-04 19:00:00,17676.55,1.0662069104354295,17961.37052457549
2021-09-04 20:00:00,17555.82,0.9831531017845514,17727.06366154486
2021-09-04 21:00:00,17378.68,0.8668777696733222,17541.85887676177
2021-09-04 22:00:00,16678.1,0.8170454844827952,16933.88268885201
2021-09-04 23:00:00,16275.9,0.8834885314034978,16447.985873992708
2021-09-05 00:00:00,15639.08,0.8585723888082343,15993.63251295888
2021-09-05 01:00:00,15108.32,0.8668777696733222,15380.201376798677
2021-09-05 02:00:00,14818.7,0.8336562462129711,14987.405837496603
2021-09-05 03:00:00,14482.6,0.8170454844827952,14800.772628456714
2021-09-05 04:00:00,14430.08,0.7339916758319172,14664.414698177861
2021-09-05 05:00:00,14488.66,0.7422970566970051,14708.24531854064
2021-09-05 06:00:00,14726.97,0.7589078184271807,14849.349646534174
2021-09-05 07:00:00,15092.13,0.7589078184271807,15026.475788454865
2021-09-05 08:00:00,15750.48,0.7838239610224441,15831.070462711801
2021-09-05 09:00:00,16552.41,0.8751831505384101,16498.192238221218
2021-09-05 10:00:00,17323.0,1.0412907678401664,17286.337547101775
2021-09-05 11:00:00,17688.2,1.0745122913005174,17667.58999865724
2021-09-05 12:00:00,18059.3,1.1907876234117467,17844.39648258772
2021-09-05 13:00:00,18057.12,1.182482242546659,17802.15055381012
2021-09-05 14:00:00,17799.07,1.0828176721656053,17745.97308225543
2021-09-05 15:00:00,17717.76,0.9167100548638492,17466.431116864413
2021-09-05 16:00:00,17682.82,0.7589078184271807,17036.386044091523
2021-09-05 17:00:00,18023.54,0.8419616270780588,17610.068432436507
2021-09-05 18:00:00,18392.4,0.8419616270780588,18045.608199364524
2021-09-05 19:00:00,18305.4,0.8502670079431467,18112.505499225703
2021-09-05 20:00:00,18118.66,0.7422970566970051,18066.23515638626
2021-09-05 21:00:00,17736.58,0.7672131992922686,18194.19566261232
2021-09-05 22:00:00,17029.4,0.6260217245857758,17145.208189603993
2021-09-05 23:00:00,16319.26,0.8502670079431467,16610.914211620606
2021-09-06 00:00:00,15660.75,0.8419616270780588,15824.083991489311
2021-09-06 01:00:00,15035.36,0.8170454844827952,15261.845697213152
2021-09-06 02:00:00,14639.92,0.7755185801573562,14977.571292981253
2021-09-06 03:00:00,14362.24,0.7339916758319172,14749.018577292889
2021-09-06 04:00:00,14320.26,0.6426324863159515,14697.573691305306
2021-09-06 05:00:00,14510.87,0.6260217245857758,14818.526717659392
2021-09-06 06:00:00,14741.36,0.709075533236654,15381.229637227581
2021-09-06 07:00:00,14957.37,0.7589078184271807,16555.64461392652
2021-09-06 08:00:00,15683.66,0.7838239610224441,17770.36043137771
2021-09-06 09:00:00,16400.18,0.9333208165940248,18429.366315670693
2021-09-06 10:00:00,17412.41,1.008069244379815,18730.40094995333
2021-09-06 11:00:00,17936.73,0.7339916758319172,18367.49101187341
2021-09-06 12:00:00,18329.37,0.709075533236654,18779.923401515713
2021-09-06 13:00:00,18405.38,0.700770152371566,18464.694424097954
2021-09-06 14:00:00,18091.85,0.8668777696733222,18691.6069372822
2021-09-06 15:00:00,17833.96,0.8253508653478832,18703.386746743174
2021-09-06 16:00:00,17856.9,0.8004347227526197,19123.8456133328
2021-09-06 17:00:00,18340.31,0.8170454844827952,19418.446294954094
2021-09-06 18:00:00,18873.93,0.8087401036177077,19441.063001407434
2021-09-06 19:00:00,18736.37,0.7173809141017417,19210.77364440744
2021-09-06 20:00:00,18677.51,0.6924647715064781,19019.597791774446
2021-09-06 21:00:00,18234.76,0.700770152371566,18766.462216321135
2021-09-06 22:00:00,17402.73,0.5678840585301611,17792.456858930094
2021-09-06 23:00:00,16382.67,0.5180517733396344,16832.33930699042
2021-09-07 00:00:00,15575.51,0.49313563074437083,15879.241058065641
2021-09-07 01:00:00,15019.04,0.5761894393952489,15289.283277802131
2021-09-07 02:00:00,14843.35,0.46821948814910735,15071.458731472141
2021-09-07 03:00:00,14638.71,0.3934710603633172,14600.950521076367
2021-09-07 04:00:00,14518.63,0.43499796468875623,14657.914133953343
2021-09-07 05:00:00,14692.27,0.43499796468875623,14829.697370018393
2021-09-07 06:00:00,15298.49,0.4266925838236683,15055.730737402831
2021-09-07 07:00:00,16602.81,0.5263571542047221,15859.692844002175
2021-09-07 08:00:00,17824.98,0.6841593906413905,16725.02491924707
2021-09-07 09:00:00,18098.37,0.7672131992922686,17497.002967410153
2021-09-07 10:00:00,18444.67,0.8751831505384101,18091.440171183738
2021-09-07 11:00:00,18471.66,0.9582369591892882,18388.720010141482
2021-09-07 12:00:00,18561.08,1.0163746252449029,18590.985706857555
2021-09-07 13:00:00,18471.46,1.0579015295703418,18469.343623412813
2021-09-07 14:00:00,18406.67,1.099428433895781,17795.262104668673
2021-09-07 15:00:00,18214.0,1.099428433895781,17934.926732603402
2021-09-07 16:00:00,18217.17,1.182482242546659,18406.51195932274
2021-09-07 17:00:00,18638.78,1.0495961487052539,18682.24814065539
2021-09-07 18:00:00,19273.65,1.0246800061099905,19320.96929854878
2021-09-07 19:00:00,19165.04,0.8751831505384101,18744.77414407356
2021-09-07 20:00:00,19226.47,0.9167100548638492,18739.575089935817
2021-09-07 21:00:00,18908.5,0.8585723888082343,18490.275007945816
2021-09-07 22:00:00,18100.21,0.792129341887532,17658.111988870794
2021-09-07 23:00:00,16991.74,0.8336562462129711,16731.940442500418
2021-09-08 00:00:00,15911.0,0.8253508653478832,16073.640984037896
2021-09-08 01:00:00,15297.01,0.7422970566970051,15256.156280083482
2021-09-08 02:00:00,14954.9,0.8253508653478832,15073.54259940982
2021-09-08 03:00:00,14819.64,0.8004347227526197,14892.344367060945
2021-09-08 04:00:00,14743.16,0.750602437562093,14710.051128915942
2021-09-08 05:00:00,14740.8,0.7838239610224441,15021.019694178121
2021-09-08 06:00:00,15310.97,0.7755185801573562,15665.985435881335
2021-09-08 07:00:00,16673.1,0.8419616270780588,16773.78324371885
2021-09-08 08:00:00,18066.27,0.8004347227526197,17763.312781075183
2021-09-08 09:00:00,18427.74,0.792129341887532,18142.859209840346
2021-09-08 10:00:00,18429.19,0.8253508653478832,18461.370149992188
2021-09-08 11:00:00,18631.69,0.8751831505384101,18539.73168821188
2021-09-08 12:00:00,18700.14,0.9416261974591124,18825.02783747151
2021-09-08 13:00:00,18689.28,1.0246800061099905,18815.049395661365
2021-09-08 14:00:00,18539.72,1.0163746252449029,18604.140441739764
2021-09-08 15:00:00,18223.33,1.0329853869750785,18457.980841772052
2021-09-08 16:00:00,18395.43,1.0579015295703418,18456.170723227853
2021-09-08 17:00:00,18670.65,1.0495961487052539,18948.727793655496
2021-09-08 18:00:00,19432.75,1.0329853869750785,19459.32369485239
2021-09-08 19:00:00,19374.82,0.9582369591892882,19305.408991429707
2021-09-08 20:00:00,19246.0,0.8668777696733222,19221.672436529483
2021-09-08 21:00:00,18756.26,0.8419616270780588,18994.39202879929
2021-09-08 22:00:00,17987.97,0.8087401036177077,18048.037760272236
2021-09-08 23:00:00,16990.01,0.7589078184271807,17007.658991908032
2021-09-09 00:00:00,15957.85,0.7339916758319172,16022.76625415182
2021-09-09 01:00:00,15303.66,0.7838239610224441,15491.712401700344
2021-09-09 02:00:00,14860.15,0.7672131992922686,14975.021450344548
2021-09-09 03:00:00,14674.58,0.7589078184271807,14894.780010921648
2021-09-09 04:00:00,14582.54,0.8004347227526197,14807.605522436312
2021-09-09 05:00:00,14731.75,0.6924647715064781,14807.748246892448
2021-09-09 06:00:00,15339.47,0.709075533236654,15405.05875390848
2021-09-09 07:00:00,16593.61,0.8004347227526197,16414.323822883933
2021-09-09 08:00:00,17814.0,0.9000992931336733,17652.229993566474
2021-09-09 09:00:00,18179.24,1.0495961487052539,18102.644552959722
2021-09-09 10:00:00,18351.92,1.091123053030693,18430.39393694265
2021-09-09 11:00:00,18660.33,1.1575660999513955,18900.59673325573
2021-09-09 12:00:00,18852.39,1.182482242546659,18868.76626225511
2021-09-09 13:00:00,18791.55,1.298757574657888,18933.68099689411
2021-09-09 14:00:00,18681.36,1.1409553382212199,18547.551437400354
2021-09-09 15:00:00,18651.78,1.1409553382212199,18323.83474679469
2021-09-09 16:00:00,18696.49,1.0412907678401664,18408.944056665183
2021-09-09 17:00:00,19149.55,1.1077338147608686,18559.109581198885
2021-09-09 18:00:00,19471.25,1.0163746252449029,19253.93662623874
2021-09-09 19:00:00,19246.02,1.008069244379815,19446.469202094508
2021-09-09 20:00:00,19374.25,0.8668777696733222,19083.778617732507
2021-09-09 21:00:00,18969.1,0.7589078184271807,18667.861408939978
2021-09-09 22:00:00,18080.92,0.7422970566970051,17777.615641044962
2021-09-09 23:00:00,17149.56,0.7173809141017417,16818.459005535264
2021-09-10 00:00:00,16096.11,0.7256862949668296,15891.520198905877
2021-09-10 01:00:00,15490.25,0.6924647715064781,15115.98247329931
2021-09-10 02:00:00,15123.82,0.6260217245857758,14728.620007047188
2021-09-10 03:00:00,14903.6,0.6343271054508636,14533.342171642153
2021-09-10 04:00:00,14776.51,0.5761894393952489,14549.637056682352
2021-09-10 05:00:00,14803.17,0.5263571542047221,14719.108895185267
2021-09-10 06:00:00,15390.91,0.5263571542047221,15342.794864010915
2021-09-10 07:00:00,16765.39,0.5595786776650734,16384.81667829262
2021-09-10 08:00:00,18018.43,0.6260217245857758,17585.0900141039
2021-09-10 09:00:00,18458.88,0.6509378671810392,18063.946417801137
2021-09-10 10:00:00,18532.87,0.6675486289112149,18380.675882174015
2021-09-10 11:00:00,18522.92,0.7755185801573562,18399.20767672766
2021-09-10 12:00:00,18531.98,0.8668777696733222,18481.429367371147
2021-09-10 13:00:00,19776.64,0.9000992931336733,18382.03923236383
2021-09-10 14:00:00,18259.72,0.9167100548638492,18161.075259414
2021-09-10 15:00:00,17954.3,0.9914584826496393,18158.384279236623
2021-09-10 16:00:00,17867.39,1.008069244379815,18068.558058923696
2021-09-10 17:00:00,18104.97,0.9582369591892882,18671.99219190536
2021-09-10 18:00:00,18377.55,0.8502670079431467,18681.348921503668
2021-09-10 19:00:00,18205.04,0.7173809141017417,18268.16011296767
2021-09-10 20:00:00,18230.85,0.617716343720688,18314.81483524912
2021-09-10 21:00:00,17862.62,0.5429679159348977,18061.3378614834
2021-09-10 22:00:00,17237.81,0.6011055819905124,17522.691099045045
2021-09-10 23:00:00,16427.65,0.5595786776650734,16671.27118016203
2021-09-11 00:00:00,15692.78,0.5844948202603367,15797.684255040198
2021-09-11 01:00:00,15084.28,0.5761894393952489,15137.249452703752
2021-09-11 02:00:00,14714.82,0.5844948202603367,14734.690317259607
2021-09-11 03:00:00,14506.85,0.5512732967999855,14508.482961514712
2021-09-11 04:00:00,14396.81,0.5429679159348977,14377.922477117341
2021-09-11 05:00:00,14461.77,0.5346625350698099,14435.744330549911
2021-09-11 06:00:00,14658.13,0.5429679159348977,14776.679214184953
2021-09-11 07:00:00,15154.45,0.6675486289112149,15384.767623495913
2021-09-11 08:00:00,15825.13,0.7339916758319172,16184.03962201486
2021-09-11 09:00:00,16635.71,0.8087401036177077,16949.13252531973
2021-09-11 10:00:00,17285.05,0.9831531017845514,17286.017136220595
2021-09-11 11:00:00,17571.38,1.0163746252449029,17624.7093686498
2021-09-11 12:00:00,17660.87,1.2073983851419225,17631.56577140189
2021-09-11 13:00:00,17628.66,1.099428433895781,17911.941036209435
2021-09-11 14:00:00,17370.65,1.091123053030693,17297.41179404998
2021-09-11 15:00:00,16969.93,1.1160391956259565,17197.441577803096
2021-09-11 16:00:00,16791.56,1.1409553382212199,17131.36175968773
2021-09-11 17:00:00,17002.08,1.1990930042768346,17521.040171955934
2021-09-11 18:00:00,17426.48,1.1077338147608686,17838.475926513212
2021-09-11 19:00:00,17483.97,1.0412907678401664,17787.12010362513
2021-09-11 20:00:00,17654.2,0.9582369591892882,17741.996635067004
2021-09-11 21:00:00,17297.07,0.9499315783242003,17439.725479076213
2021-09-11 22:00:00,16842.1,0.9748477209194638,16866.242701212926
2021-09-11 23:00:00,16151.17,0.9831531017845514,16351.798635430312
2021-09-12 00:00:00,15366.95,0.9665423400543759,15590.75013069373
2021-09-12 01:00:00,14876.06,1.1077338147608686,15305.515858482375
2021-09-12 02:00:00,14628.62,1.099428433895781,14825.280082900814
2021-09-12 03:00:00,14522.7,1.1243445764910445,14724.09785805429
2021-09-12 04:00:00,14448.79,0.9000992931336733,14372.074005478811
2021-09-12 05:00:00,14475.76,0.9250154357289369,14446.249172414293
2021-09-12 06:00:00,14479.92,0.9748477209194638,14606.821692446638
2021-09-12 07:00:00,14717.46,1.0579015295703418,14930.873694238671
2021-09-12 08:00:00,15264.04,1.0745122913005174,15676.46991249554
2021-09-12 09:00:00,16205.63,1.099428433895781,16334.58508455017
2021-09-12 10:00:00,17070.98,1.1492607190863076,17197.120004151162
2021-09-12 11:00:00,17439.28,1.1492607190863076,17599.14045783236
2021-09-12 12:00:00,17748.99,1.2323145277371856,17866.994105210004
2021-09-12 13:00:00,17745.4,1.2489252894673615,18192.158855452864
2021-09-12 14:00:00,17434.02,1.2489252894673615,18053.010881633232
2021-09-12 15:00:00,17355.81,1.265536051197537,17617.528145822995
2021-09-12 16:00:00,17430.64,1.21570376600701,17688.43825505406
2021-09-12 17:00:00,17801.25,1.1658714808164834,17962.916227313828
2021-09-12 18:00:00,18369.48,1.0329853869750785,18406.12573180241
2021-09-12 19:00:00,18381.14,0.9084046739987612,18031.31675438018
2021-09-12 20:00:00,18573.93,0.8253508653478832,18349.191613175215
2021-09-12 21:00:00,17945.83,0.7755185801573562,17934.47375372593
2021-09-12 22:00:00,17108.66,0.700770152371566,17127.70136762347
2021-09-12 23:00:00,16214.82,0.5180517733396344,16033.761781360034
2021-09-13 00:00:00,15202.23,0.6675486289112149,15315.868631609477
2021-09-13 01:00:00,14729.92,0.6924647715064781,14699.982392548407
2021-09-13 02:00:00,14452.57,0.6841593906413905,14549.922690770692
2021-09-13 03:00:00,14305.57,0.6841593906413905,14356.705816755722
2021-09-13 04:00:00,14267.84,0.6260217245857758,14482.113836663797
2021-09-13 05:00:00,14398.66,0.5595786776650734,14567.00506642474
2021-09-13 06:00:00,15176.56,0.5595786776650734,15074.557161013458
2021-09-13 07:00:00,16480.51,0.6675486289112149,16198.316551402118
2021-09-13 08:00:00,17811.79,0.7339916758319172,17447.623671148944
2021-09-13 09:00:00,18334.0,0.7589078184271807,18213.30134897696
2021-09-13 10:00:00,18392.28,0.9250154357289369,18504.12767318266
2021-09-13 11:00:00,18400.67,1.008069244379815,18589.97502738633
2021-09-13 12:00:00,18721.59,1.0579015295703418,18697.040490447092
2021-09-13 13:00:00,18586.92,1.1077338147608686,18927.615024794515
2021-09-13 14:00:00,18590.37,0.9831531017845514,18317.123318213737
2021-09-13 15:00:00,18124.19,1.0828176721656053,18400.61543729473
2021-09-13 16:00:00,18116.72,1.0745122913005174,18206.274117555524
2021-09-13 17:00:00,18726.09,0.9582369591892882,18708.89837235127
2021-09-13 18:00:00,19341.27,0.8751831505384101,19190.339167567294
2021-09-13 19:00:00,19243.05,0.7339916758319172,19179.029560138555
2021-09-13 20:00:00,19341.87,0.6758540097763026,19191.31424739582
2021-09-13 21:00:00,18696.46,0.5595786776650734,18663.55218816644
2021-09-13 22:00:00,17801.48,0.5097463924745465,17820.22563018242
2021-09-13 23:00:00,16673.4,0.5263571542047221,16862.475112573702
2021-09-14 00:00:00,15704.25,0.4599141072840196,15619.594287833464
2021-09-14 01:00:00,15218.38,0.44330334555384404,15022.054378425302
2021-09-14 02:00:00,14857.44,0.4848302498792831,14823.868353108533
2021-09-14 03:00:00,14702.08,0.401776441228405,14521.364358849294
2021-09-14 04:00:00,14637.25,0.20244730046629755,14350.975095553154
2021-09-14 05:00:00,14745.74,0.14430963441068295,14582.881836668283
2021-09-14 06:00:00,15467.86,0.2938064899822634,15143.59376937225
2021-09-14 07:00:00,16913.16,0.43499796468875623,16464.082056114705
2021-09-14 08:00:00,17956.62,0.5678840585301611,17847.370525297993
2021-09-14 09:00:00,18398.42,0.6675486289112149,18318.160114084745
2021-09-14 10:00:00,18271.05,0.7755185801573562,18244.257066793998
2021-09-14 11:00:00,18258.64,0.8668777696733222,18235.56103049884
2021-09-14 12:00:00,18358.86,0.9914584826496393,18431.602102902798
2021-09-14 13:00:00,18267.26,1.0412907678401664,18475.395103956154
2021-09-14 14:00:00,18282.59,1.0329853869750785,17967.440741877963
2021-09-14 15:00:00,18111.29,1.0828176721656053,17693.88201721394
2021-09-14 16:00:00,18164.19,1.091123053030693,18090.217721012374
2021-09-14 17:00:00,18743.39,1.099428433895781,18519.719097311696
2021-09-14 18:00:00,19387.12,1.1077338147608686,19384.800467997506
2021-09-14 19:00:00,19415.07,1.0828176721656053,19121.621704900994
2021-09-14 20:00:00,19531.16,1.0246800061099905,19094.217979826335
2021-09-14 21:00:00,18902.38,1.008069244379815,18705.310140023877
2021-09-14 22:00:00,18198.8,1.0329853869750785,18084.515103823887
2021-09-14 23:00:00,17221.69,1.099428433895781,16819.396230784587
2021-09-15 00:00:00,16226.54,1.099428433895781,15973.853277866932
2021-09-15 01:00:00,15701.77,1.099428433895781,15544.30737077855
2021-09-15 02:00:00,15318.73,1.0828176721656053,15095.933954874661
2021-09-15 03:00:00,15124.3,0.9831531017845514,14992.093905600554
2021-09-15 04:00:00,14972.02,0.9333208165940248,14872.499309812189
2021-09-15 05:00:00,15043.9,0.9167100548638492,14955.236070310564
2021-09-15 06:00:00,15670.63,0.9333208165940248,15738.409094516383
2021-09-15 07:00:00,17046.01,0.9997638635147272,16734.298089340795
2021-09-15 08:00:00,18122.35,1.0412907678401664,17923.208021582217
2021-09-15 09:00:00,18446.97,1.0662069104354295,18460.866126647637
2021-09-15 10:00:00,18665.79,1.0745122913005174,18684.46526535043
2021-09-15 11:00:00,18855.38,1.1243445764910445,18878.20454806221
2021-09-15 12:00:00,19013.56,1.0662069104354295,18986.459794874012
2021-09-15 13:00:00,18858.77,1.0579015295703418,19000.926803165017
2021-09-15 14:00:00,18818.88,1.1077338147608686,19090.188473017846
2021-09-15 15:00:00,18503.33,1.091123053030693,18566.852115054608
2021-09-15 16:00:00,18567.3,0.9914584826496393,18648.86610169615
2021-09-15 17:00:00,19019.04,0.9167100548638492,18694.969057244394
2021-09-15 18:00:00,19570.82,0.8004347227526197,19125.732501449602
2021-09-15 19:00:00,19450.86,0.6924647715064781,19085.34190507665
2021-09-15 20:00:00,19451.39,0.6924647715064781,19221.049813615125
2021-09-15 21:00:00,18870.72,0.5512732967999855,18535.451307497253
2021-09-15 22:00:00,18025.91,0.5844948202603367,17771.817947754666
2021-09-15 23:00:00,17151.56,0.5761894393952489,16996.894710373395
2021-09-16 00:00:00,16045.43,0.5512732967999855,15838.50751655713
2021-09-16 01:00:00,15464.03,0.4599141072840196,15249.383585288562
2021-09-16 02:00:00,15065.7,0.4765248690141953,14886.884316217282
2021-09-16 03:00:00,14832.75,0.401776441228405,14665.270633583064
2021-09-16 04:00:00,14800.39,0.2938064899822634,14634.499235242878
2021-09-16 05:00:00,15091.16,0.22736344306156103,14676.437023359184
2021-09-16 06:00:00,15449.98,0.2356688239266488,15297.751717903315
2021-09-16 07:00:00,16903.86,0.5097463924745465,16551.40708498274
2021-09-16 08:00:00,18085.96,0.6841593906413905,17782.614727924378
2021-09-16 09:00:00,18385.13,0.8419616270780588,18175.80505469453
2021-09-16 10:00:00,18427.66,0.9250154357289369,18196.13406230958
2021-09-16 11:00:00,18467.5,1.0329853869750785,18405.977375859573
2021-09-16 12:00:00,18573.01,1.1575660999513955,18482.635408013728
2021-09-16 13:00:00,18542.02,1.224009146872098,18532.606494886353
2021-09-16 14:00:00,18451.85,1.2323145277371856,18429.895567330197
2021-09-16 15:00:00,18389.29,1.224009146872098,18119.1698886938
2021-09-16 16:00:00,18355.22,1.224009146872098,17845.628454572878
2021-09-16 17:00:00,18830.8,1.1658714808164834,18610.240257383924
2021-09-16 18:00:00,19330.93,1.091123053030693,19019.3175163117
2021-09-16 19:00:00,19228.97,1.0329853869750785,19274.888857730406
2021-09-16 20:00:00,19291.09,0.9831531017845514,19175.85474285508
2021-09-16 21:00:00,18851.59,0.8087401036177077,18631.970317035273
2021-09-16 22:00:00,18528.77,0.7422970566970051,18018.823662827464
2021-09-16 23:00:00,17106.87,0.7672131992922686,17071.466559038236
2021-09-17 00:00:00,16137.27,0.6841593906413905,16111.269937199293
2021-09-17 01:00:00,15561.27,0.5346625350698099,15382.514526210642
2021-09-17 02:00:00,15067.74,0.4848302498792831,15027.53161822028
2021-09-17 03:00:00,14870.27,0.5595786776650734,14896.56844424562
2021-09-17 04:00:00,14781.02,0.5097463924745465,14797.672842513479
2021-09-17 05:00:00,14972.85,0.41008182209349275,14914.659591134752
2021-09-17 06:00:00,15585.78,0.4266925838236683,15426.244601364935
2021-09-17 07:00:00,16902.1,0.5180517733396344,16624.331748784465
2021-09-17 08:00:00,18116.85,0.8170454844827952,17978.642676930387
2021-09-17 09:00:00,18437.77,0.9748477209194638,18525.870335596956
2021-09-17 10:00:00,18551.44,1.2073983851419225,18947.582697517995
2021-09-17 11:00:00,18837.63,1.3652006215785908,19091.743583236093
2021-09-17 12:00:00,19009.01,1.398422145038942,18854.87991817079
2021-09-17 13:00:00,19099.82,1.4731705728247322,18845.036443868747
2021-09-17 14:00:00,19105.7,1.523002858015259,18680.546720577808
2021-09-17 15:00:00,18906.49,1.5562243814756103,18406.72456843517
2021-09-17 16:00:00,18753.96,1.4731705728247322,17789.00059100753
2021-09-17 17:00:00,19096.44,1.3236737172531516,18562.4295520252
2021-09-17 18:00:00,19412.52,1.3236737172531516,19218.860162940615
2021-09-17 19:00:00,19258.09,1.21570376600701,18977.699532930765
2021-09-17 20:00:00,19150.84,1.1575660999513955,18985.17662136083
2021-09-17 21:00:00,18744.05,1.132649957356132,18389.084281453335
2021-09-17 22:00:00,17812.83,1.0495961487052539,18090.195380149795
2021-09-17 23:00:00,17128.92,0.9997638635147272,17043.68748171972
2021-09-18 00:00:00,16186.86,1.0163746252449029,16267.938687871694
2021-09-18 01:00:00,15528.68,0.9499315783242003,15734.82100468843
2021-09-18 02:00:00,14986.17,0.9167100548638492,15213.202598508253
2021-09-18 03:00:00,14689.45,0.8751831505384101,14870.306832768518
2021-09-18 04:00:00,14473.73,0.8419616270780588,14821.516496207747
2021-09-18 05:00:00,14497.54,0.8336562462129711,14898.621921558459
2021-09-18 06:00:00,14700.96,0.9499315783242003,15266.618149622243
2021-09-18 07:00:00,15180.09,0.9748477209194638,15648.00432999228
2021-09-18 08:00:00,16085.92,1.0246800061099905,16299.318721671125
2021-09-18 09:00:00,17049.91,0.9084046739987612,16834.690061045654
2021-09-18 10:00:00,17719.78,0.9499315783242003,17278.805445518334
2021-09-18 11:00:00,17850.8,1.008069244379815,17719.85501105068
2021-09-18 12:00:00,18054.85,1.1409553382212199,18180.595032781475
2021-09-18 13:00:00,18115.58,1.174176861681571,18059.15353795665
2021-09-18 14:00:00,17908.8,1.21570376600701,17907.666536832137
2021-09-18 15:00:00,17662.34,1.2572306703324492,17967.69867458066
2021-09-18 16:00:00,17624.39,1.2489252894673615,17889.170363061843
2021-09-18 17:00:00,17762.52,1.132649957356132,18450.137149289825
2021-09-18 18:00:00,17743.58,1.0412907678401664,18169.576592114652
2021-09-18 19:00:00,17751.87,0.8087401036177077,17907.019461585038
2021-09-18 20:00:00,17787.14,0.8170454844827952,18033.048445060263
2021-09-18 21:00:00,17416.74,0.700770152371566,17541.142844887774
2021-09-18 22:00:00,16701.54,0.6426324863159515,16813.195028670227
2021-09-18 23:00:00,16203.4,0.5097463924745465,16138.814173264069
2021-09-19 00:00:00,15397.86,0.5180517733396344,15423.985332821458
2021-09-19 01:00:00,14896.48,0.49313563074437083,14811.946363975043
2021-09-19 02:00:00,14436.78,0.4266925838236683,14375.944785029296
2021-09-19 03:00:00,14257.25,0.3851656794982293,14137.677617348098
2021-09-19 04:00:00,14293.08,0.2938064899822634,14002.202373736925
2021-09-19 05:00:00,14195.98,0.22736344306156103,14154.54716416135
2021-09-19 06:00:00,14515.23,0.21905806219647309,14192.169338690202
2021-09-19 07:00:00,15032.8,0.3685549177680537,14813.890746716332
2021-09-19 08:00:00,15879.08,0.5097463924745465,15696.125827188724
2021-09-19 09:00:00,16866.85,0.6343271054508636,16504.825271156104
2021-09-19 10:00:00,17355.72,0.6924647715064781,17000.09977525195
2021-09-19 11:00:00,17696.04,0.7755185801573562,16951.8272610697
2021-09-19 12:00:00,17819.27,0.8585723888082343,17256.577066620746
2021-09-19 13:00:00,17670.07,0.9167100548638492,17420.833159735983
2021-09-19 14:00:00,17298.5,0.9416261974591124,17219.703339444895
2021-09-19 15:00:00,17049.34,0.9665423400543759,17075.343776777958
2021-09-19 16:00:00,17103.72,0.9582369591892882,16771.888838138268
2021-09-19 17:00:00,17684.9,0.9499315783242003,17490.0706060787
2021-09-19 18:00:00,18291.49,0.8170454844827952,17748.52747896458
2021-09-19 19:00:00,18493.53,0.7339916758319172,18019.407741348397
2021-09-19 20:00:00,18653.14,0.6260217245857758,18208.222173011618
2021-09-19 21:00:00,18040.61,0.5595786776650734,17896.47822263267
2021-09-19 22:00:00,17224.13,0.41008182209349275,17450.00359036977
2021-09-19 23:00:00,16330.67,0.5844948202603367,16379.499616626144
2021-09-20 00:00:00,15534.49,0.4765248690141953,15493.060048792866
2021-09-20 01:00:00,14987.11,0.35194415603787815,14929.137384248716
2021-09-20 02:00:00,14579.05,0.2938064899822634,14562.804852698671
2021-09-20 03:00:00,14573.41,0.16922577700594627,14418.580404585975
2021-09-20 04:00:00,14533.2,0.2356688239266488,14390.838498575411
2021-09-20 05:00:00,14808.22,0.2938064899822634,14546.46925503721
2021-09-20 06:00:00,15520.87,0.2356688239266488,15207.467422281012
2021-09-20 07:00:00,17072.57,0.41008182209349275,16409.937839144663
2021-09-20 08:00:00,18267.6,0.5595786776650734,17747.662996632647
2021-09-20 09:00:00,18595.33,0.700770152371566,18481.81036632678
2021-09-20 10:00:00,18630.97,0.8170454844827952,18638.62293871124
2021-09-20 11:00:00,18635.96,0.9914584826496393,18648.150573264764
2021-09-20 12:00:00,18727.28,1.1160391956259565,18693.28124174154
2021-09-20 13:00:00,18742.03,1.2489252894673615,18516.8410015516
2021-09-20 14:00:00,18638.23,1.298757574657888,18923.174796210194
2021-09-20 15:00:00,18469.96,1.3319790981182398,18516.184627830833
2021-09-20 16:00:00,18603.98,1.3153683363880637,18526.856155869253
2021-09-20 17:00:00,18999.73,1.2738414320626248,19011.62103181281
2021-09-20 18:00:00,19545.78,1.1575660999513955,19316.330106596197
2021-09-20 19:00:00,19414.73,1.091123053030693,19675.50725052274
2021-09-20 20:00:00,19371.0,1.0246800061099905,19686.50454921935
2021-09-20 21:00:00,18713.76,0.9167100548638492,18927.37677692241
2021-09-20 22:00:00,17878.35,0.8834885314034978,18279.47561355075
2021-09-20 23:00:00,16742.37,0.8336562462129711,17021.533092889887
2021-09-21 00:00:00,15683.89,0.792129341887532,16124.457236385175
2021-09-21 01:00:00,15050.63,0.7339916758319172,15540.91771999797
2021-09-21 02:00:00,14765.11,0.6924647715064781,15175.611871675697
2021-09-21 03:00:00,14471.72,0.6758540097763026,15093.836728695713
2021-09-21 04:00:00,14381.32,0.6758540097763026,14892.080608420856
2021-09-21 05:00:00,14537.24,0.6426324863159515,15036.530135878567
2021-09-21 06:00:00,15097.34,0.6426324863159515,15693.913078228066
2021-09-21 07:00:00,16473.84,0.7422970566970051,16996.99502870803
2021-09-21 08:00:00,17735.66,0.8751831505384101,18350.668538784925
2021-09-21 09:00:00,18208.95,1.008069244379815,18644.614746053958
2021-09-21 10:00:00,18303.32,1.0662069104354295,18676.792890427456
2021-09-21 11:00:00,18381.97,1.1409553382212199,18995.514362308128
2021-09-21 12:00:00,18530.52,1.1990930042768346,19033.375479700604
2021-09-21 13:00:00,18545.1,1.182482242546659,18957.316944068552
2021-09-21 14:00:00,18503.7,1.398422145038942,19013.51164026232
2021-09-21 15:00:00,18444.85,1.307062955522976,18636.196556610288
2021-09-21 16:00:00,18358.57,1.1907876234117467,18753.4619338391
2021-09-21 17:00:00,18704.82,1.1492607190863076,19289.43995282978
2021-09-21 18:00:00,19233.39,1.1243445764910445,19847.49652368133
2021-09-21 19:00:00,19347.77,1.0662069104354295,19568.44995832438
2021-09-21 20:00:00,19502.72,0.9748477209194638,19588.7171764629
2021-09-21 21:00:00,18791.97,0.9000992931336733,18987.246138389368
2021-09-21 22:00:00,17830.42,0.8834885314034978,18129.81277104989
2021-09-21 23:00:00,16859.36,0.8253508653478832,17023.30050339617
2021-09-22 00:00:00,15838.13,0.8170454844827952,15863.78770782993
2021-09-22 01:00:00,15146.42,0.8087401036177077,15288.284356204138
2021-09-22 02:00:00,14831.39,0.7838239610224441,15018.764927039323
2021-09-22 03:00:00,14564.77,0.792129341887532,14850.734764481203
2021-09-22 04:00:00,14513.49,0.8170454844827952,14761.15408420879
2021-09-22 05:00:00,14701.82,0.8419616270780588,14860.126642321766
2021-09-22 06:00:00,15280.97,0.8668777696733222,15524.321675628013
2021-09-22 07:00:00,16676.32,0.8834885314034978,16781.291372833428
2021-09-22 08:00:00,17889.72,0.9084046739987612,17951.435936121252
2021-09-22 09:00:00,18225.61,0.9582369591892882,18376.803238888828
2021-09-22 10:00:00,18394.15,1.1243445764910445,18678.970005905827
2021-09-22 11:00:00,18573.03,1.224009146872098,18816.852382207027
2021-09-22 12:00:00,18743.91,1.3153683363880637,19140.215522897965
2021-09-22 13:00:00,18795.0,1.3236737172531516,19161.311356702525
2021-09-22 14:00:00,18785.96,1.340284478983327,19009.77304548817
2021-09-22 15:00:00,18748.82,1.3153683363880637,18764.89172814375
2021-09-22 16:00:00,18750.7,1.3319790981182398,19006.75371546767
2021-09-22 17:00:00,19275.04,1.3652006215785908,19300.96710917509
2021-09-22 18:00:00,19892.04,1.340284478983327,19938.326163010588
2021-09-22 19:00:00,20033.16,1.3236737172531516,20009.182976589855
2021-09-22 20:00:00,20033.91,1.2738414320626248,20257.99273783386
2021-09-22 21:00:00,19318.95,1.1409553382212199,19562.359383077925
2021-09-22 22:00:00,18346.52,1.132649957356132,18438.29946177773
2021-09-22 23:00:00,17231.29,1.1658714808164834,17514.147635769707
2021-09-23 00:00:00,16237.01,1.132649957356132,16143.7349707399
2021-09-23 01:00:00,15535.73,1.091123053030693,15457.753357606294
2021-09-23 02:00:00,15253.59,1.0163746252449029,14953.833685610241
2021-09-23 03:00:00,14949.2,1.0662069104354295,14681.889751210816
2021-09-23 04:00:00,14806.57,1.099428433895781,14712.08631084413
2021-09-23 05:00:00,14879.27,1.1243445764910445,14997.711098426907
2021-09-23 06:00:00,15670.61,1.132649957356132,15528.974653962207
2021-09-23 07:00:00,17080.4,1.1492607190863076,16864.047414337714
2021-09-23 08:00:00,18462.4,1.1907876234117467,18091.257368928098
2021-09-23 09:00:00,18834.73,1.307062955522976,18490.968475731
2021-09-23 10:00:00,19030.15,1.498086715419996,18967.72981463229
2021-09-23 11:00:00,19247.25,1.5396136197454349,19583.31773202458
2021-09-23 12:00:00,19554.45,1.5562243814756103,19620.154783429534
2021-09-23 13:00:00,19505.12,1.6558889518566642,19856.705617083488
2021-09-23 14:00:00,19441.21,1.7057212370471913,20158.019183381166
2021-09-23 15:00:00,19467.42,1.6558889518566642,19873.072304494326
2021-09-23 16:00:00,19566.35,1.614362047531225,19983.82733248751
2021-09-23 17:00:00,19728.01,1.5645297623406982,20019.791410967544
2021-09-23 18:00:00,20088.64,1.523002858015259,20650.580478048127
2021-09-23 19:00:00,20199.29,1.4565598110945568,20823.429567885498
2021-09-23 20:00:00,20093.54,1.348589859848415,20756.69536860929
2021-09-23 21:00:00,19459.18,1.2073983851419225,19964.574556215124
2021-09-23 22:00:00,18535.11,1.2572306703324492,18864.33708193167
2021-09-23 23:00:00,17481.6,1.1243445764910445,17478.014180544717
2021-09-24 00:00:00,16465.73,1.1492607190863076,16490.70423504256
2021-09-24 01:00:00,15719.03,1.0246800061099905,15595.919286337641
2021-09-24 02:00:00,15287.67,0.8253508653478832,15111.346844067672
2021-09-24 03:00:00,15134.84,0.8004347227526197,14696.73072668375
2021-09-24 04:00:00,14987.71,0.7173809141017417,14590.694360699941
2021-09-24 05:00:00,15120.86,0.6426324863159515,14655.362056875754
2021-09-24 06:00:00,15407.75,0.659243248046127,15418.833089975504
2021-09-24 07:00:00,16732.24,0.6426324863159515,16667.797359334072
2021-09-24 08:00:00,18042.46,0.6509378671810392,17935.321390399862
2021-09-24 09:00:00,18542.78,0.7256862949668296,18318.896126230604
2021-09-24 10:00:00,18713.04,0.8087401036177077,18308.66974152077
2021-09-24 11:00:00,18798.05,0.8917939122685857,18347.466728696272
2021-09-24 12:00:00,18790.74,0.9499315783242003,18666.350036104952
2021-09-24 13:00:00,18866.02,1.0412907678401664,18763.44559897982
2021-09-24 14:00:00,18549.9,1.0412907678401664,18306.939900758916
2021-09-24 15:00:00,18293.81,0.9997638635147272,17974.07299738023
2021-09-24 16:00:00,18223.22,0.8585723888082343,17695.496983398592
2021-09-24 17:00:00,18498.13,0.8668777696733222,17984.707350259552
2021-09-24 18:00:00,18789.05,0.792129341887532,18265.19165490998
2021-09-24 19:00:00,18793.64,0.8087401036177077,18347.686645478258
2021-09-24 20:00:00,18776.86,0.8087401036177077,18409.988473418012
2021-09-24 21:00:00,18047.36,0.7672131992922686,17972.687100180687
2021-09-24 22:00:00,17356.32,0.750602437562093,17105.865745219762
2021-09-24 23:00:00,16529.77,0.7672131992922686,16370.004869686356
2021-09-25 00:00:00,15657.75,0.7339916758319172,15475.943165080585
2021-09-25 01:00:00,14987.14,0.6758540097763026,14860.184062428665
2021-09-25 02:00:00,14571.82,0.617716343720688,14640.950747999454
2021-09-25 03:00:00,14304.41,0.46821948814910735,14457.05763160374
2021-09-25 04:00:00,14237.88,0.3685549177680537,14331.199122121108
2021-09-25 05:00:00,14306.76,0.43499796468875623,14437.46466538179
2021-09-25 06:00:00,14409.66,0.37686029863314147,14597.429589609725
2021-09-25 07:00:00,14855.46,0.5014410116094586,15384.693459206786
2021-09-25 08:00:00,15597.77,0.6011055819905124,16183.899922714114
2021-09-25 09:00:00,16642.55,0.709075533236654,16917.848719613343
2021-09-25 10:00:00,17241.95,0.7838239610224441,17314.205536041787
2021-09-25 11:00:00,17436.35,0.8502670079431467,17314.348021292277
2021-09-25 12:00:00,17596.02,0.9416261974591124,17426.849143131298
2021-09-25 13:00:00,17553.0,0.9997638635147272,17418.681999340683
2021-09-25 14:00:00,17238.52,1.0745122913005174,17358.06771346539
2021-09-25 15:00:00,16983.69,1.1077338147608686,17025.004425068248
2021-09-25 16:00:00,16895.47,1.0662069104354295,17113.890886171204
2021-09-25 17:00:00,17138.0,1.0246800061099905,17391.647421022106
2021-09-25 18:00:00,17464.97,0.9416261974591124,17590.07775903465
2021-09-25 19:00:00,17686.44,0.8751831505384101,17812.137760315654
2021-09-25 20:00:00,17659.48,0.6841593906413905,17522.118547113507
2021-09-25 21:00:00,17148.23,0.7339916758319172,17139.306342452495
2021-09-25 22:00:00,16555.79,0.792129341887532,16643.989364873196
2021-09-25 23:00:00,15873.91,0.709075533236654,15923.227039757508
2021-09-26 00:00:00,15057.1,0.6675486289112149,15322.923707977208
2021-09-26 01:00:00,14586.93,0.5512732967999855,14720.109147529678
2021-09-26 02:00:00,14311.04,0.6675486289112149,14423.44585011885
2021-09-26 03:00:00,14158.07,0.5844948202603367,14291.102965323056
2021-09-26 04:00:00,14109.0,0.5263571542047221,14178.413424254455
2021-09-26 05:00:00,14142.03,0.5014410116094586,14212.28146374688
2021-09-26 06:00:00,14382.34,0.49313563074437083,14354.761892125067
2021-09-26 07:00:00,14701.69,0.49313563074437083,14865.698004171576
2021-09-26 08:00:00,15416.41,0.5014410116094586,15510.33140432878
2021-09-26 09:00:00,16188.06,0.617716343720688,16240.276874925044
2021-09-26 10:00:00,16850.91,0.7589078184271807,16982.10705849623
2021-09-26 11:00:00,17246.9,0.8336562462129711,17080.254359627306
2021-09-26 12:00:00,17582.9,0.7838239610224441,17190.617183551018
2021-09-26 13:00:00,17677.74,0.8336562462129711,17302.569021304287
2021-09-26 14:00:00,17371.0,0.9250154357289369,16956.92270549033
2021-09-26 15:00:00,17084.57,0.8917939122685857,16770.344633686072
2021-09-26 16:00:00,17042.99,0.8585723888082343,16751.66444010523
2021-09-26 17:00:00,17464.44,0.792129341887532,17247.209336791067
2021-09-26 18:00:00,18183.82,0.6924647715064781,17712.15893320581
2021-09-26 19:00:00,18342.03,0.6343271054508636,17930.616247440492
2021-09-26 20:00:00,18343.58,0.46821948814910735,17975.459306086068
2021-09-26 21:00:00,17538.61,0.3934710603633172,17399.54023017991
2021-09-26 22:00:00,16800.46,0.4516087264189318,16890.608833899558
2021-09-26 23:00:00,15911.12,0.4516087264189318,15942.486949115564
2021-09-27 00:00:00,15056.09,0.4848302498792831,15061.63175703467
2021-09-27 01:00:00,14534.96,0.5180517733396344,14628.761122773827
2021-09-27 02:00:00,14261.62,0.41008182209349275,14299.049873653295
2021-09-27 03:00:00,14177.8,0.49313563074437083,14283.915039950416
2021-09-27 04:00:00,14293.86,0.46821948814910735,14247.22265648187
2021-09-27 05:00:00,14516.08,0.49313563074437083,14448.700428940565
2021-09-27 06:00:00,15238.44,0.5263571542047221,15018.67389043923
2021-09-27 07:00:00,16633.4,0.5429679159348977,16193.654537669545
2021-09-27 08:00:00,17941.53,0.5678840585301611,17368.52851217925
2021-09-27 09:00:00,18258.89,0.6260217245857758,18072.897572507765
2021-09-27 10:00:00,18290.84,0.6758540097763026,18260.879037407136
2021-09-27 11:00:00,18333.81,0.6675486289112149,18287.358362773277
2021-09-27 12:00:00,18465.15,0.617716343720688,18493.35247775623
2021-09-27 13:00:00,18403.81,0.6343271054508636,18456.668703194046
2021-09-27 14:00:00,18363.68,0.6343271054508636,18036.431417929187
2021-09-27 15:00:00,18071.05,0.6343271054508636,17892.469722910686
2021-09-27 16:00:00,18077.26,0.6260217245857758,17728.53196609368
2021-09-27 17:00:00,18688.96,0.617716343720688,18279.564708651018
2021-09-27 18:00:00,19081.14,0.5928002011254245,18995.732473159107
2021-09-27 19:00:00,19321.24,0.5097463924745465,19144.38953606632
2021-09-27 20:00:00,19134.11,0.5014410116094586,19177.644190863244
2021-09-27 21:00:00,18163.18,0.37686029863314147,18420.414324203914
2021-09-27 22:00:00,17302.13,0.37686029863314147,17512.64971597137
2021-09-27 23:00:00,16436.06,0.41008182209349275,16455.74050125771
2021-09-28 00:00:00,15501.41,0.2938064899822634,15421.485287152225
2021-09-28 01:00:00,14816.76,0.21905806219647309,14952.593663464417
2021-09-28 02:00:00,14729.86,0.12769887268050722,14633.317798559618
2021-09-28 03:00:00,14643.74,0.07786658748998042,14594.494001621899
2021-09-28 04:00:00,14546.34,-0.08824102981177576,14662.227004578233
2021-09-28 05:00:00,14806.93,-0.11315717240703917,14829.814193800516
2021-09-28 06:00:00,15613.9,-0.09654641067686354,15511.572562688176
2021-09-28 07:00:00,17252.92,-0.013492602025985451,16665.212245734987
2021-09-28 08:00:00,18492.14,0.06956120662489264,17875.65951173349
2021-09-28 09:00:00,18696.32,0.19414191960120977,18430.590741337466
2021-09-28 10:00:00,18439.28,0.3602495369029659,18370.22053669398
2021-09-28 11:00:00,18351.71,0.4183872029585805,17997.712863274144
2021-09-28 12:00:00,18350.03,0.46821948814910735,18209.288714610964
2021-09-28 13:00:00,18243.09,0.49313563074437083,18253.57394660257
2021-09-28 14:00:00,18051.07,0.5263571542047221,17839.285102039088
2021-09-28 15:00:00,17947.24,0.5429679159348977,17712.96526071561
2021-09-28 16:00:00,17984.84,0.5761894393952489,17556.559867824963
2021-09-28 17:00:00,18412.89,0.4765248690141953,18327.45508914013
2021-09-28 18:00:00,19135.53,0.4765248690141953,19039.352830499884
2021-09-28 19:00:00,19428.18,0.3851656794982293,19422.77438343646
2021-09-28 20:00:00,19554.36,0.2771957282520878,19588.12284236724
2021-09-28 21:00:00,18871.26,0.2356688239266488,18966.80966313539
2021-09-28 22:00:00,17981.46,0.2356688239266488,17999.54894086398
2021-09-28 23:00:00,16980.41,0.2439742047917366,16452.239667659
2021-09-29 00:00:00,16058.45,0.17753115787103405,15762.97630895257
2021-09-29 01:00:00,15587.47,0.20244730046629755,15119.991210219236
2021-09-29 02:00:00,15256.55,0.136004253545595,14769.363358222265
2021-09-29 03:00:00,15191.11,0.1027827300852439,14700.923336504791
2021-09-29 04:00:00,15161.16,0.14430963441068295,14637.392577522129
2021-09-29 05:00:00,15417.26,0.14430963441068295,14799.247787492606
2021-09-29 06:00:00,16245.0,0.11108811095033168,15649.012320181657
2021-09-29 07:00:00,17850.55,0.15261501527577073,17099.432476604183
2021-09-29 08:00:00,19077.39,0.2439742047917366,18347.135208826967
2021-09-29 09:00:00,19362.61,0.3104172517124391,18829.500782036688
2021-09-29 10:00:00,19327.85,0.34363877517279023,18665.644960601072
2021-09-29 11:00:00,19364.28,0.401776441228405,18480.818577101556
2021-09-29 12:00:00,19255.45,0.34363877517279023,18464.17711435653
2021-09-29 13:00:00,19205.68,0.37686029863314147,18535.28786040645
2021-09-29 14:00:00,19063.97,0.3851656794982293,18212.878478506816
2021-09-29 15:00:00,18842.79,0.4599141072840196,18042.39759081061
2021-09-29 16:00:00,18763.7,0.4516087264189318,17904.91242692592
2021-09-29 17:00:00,19241.96,0.41008182209349275,18378.05778225763
2021-09-29 18:00:00,19868.25,0.3602495369029659,19056.207065991846
2021-09-29 19:00:00,20074.52,0.3685549177680537,19254.763838804396
2021-09-29 20:00:00,19822.7,0.26058496652191215,19254.29024128455
2021-09-29 21:00:00,19124.95,0.26058496652191215,18662.925331563387
2021-09-29 22:00:00,18298.2,0.25227958565682435,17823.93514227867
2021-09-29 23:00:00,17289.17,0.2356688239266488,16893.081272512343
2021-09-30 00:00:00,16362.17,0.21905806219647309,16021.71190271947
2021-09-30 01:00:00,15729.4,0.11939349181541946,15665.668752961019
2021-09-30 02:00:00,15267.18,0.04464506402962915,15219.09916249676
2021-09-30 03:00:00,15270.18,-0.005187221160897672,15296.177159362405
2021-09-30 04:00:00,15256.97,-0.08824102981177576,15228.113393032374
2021-09-30 05:00:00,15500.04,-0.06332488721651235,15440.72751343054
2021-09-30 06:00:00,16283.15,-0.07163026808160013,16108.141997625715
2021-09-30 07:00:00,17732.1,0.06125582575980486,17713.231023221822
2021-09-30 08:00:00,19045.89,0.19414191960120977,18789.852982837743
2021-09-30 09:00:00,19350.47,0.2771957282520878,19177.53185053119
2021-09-30 10:00:00,19203.11,0.3934710603633172,19052.754068868573
2021-09-30 11:00:00,19105.8,0.5014410116094586,18971.148447859767
2021-09-30 12:00:00,18962.47,0.6426324863159515,18851.779951389413
2021-09-30 13:00:00,18714.45,0.4266925838236683,18723.419402963453
2021-09-30 14:00:00,18453.68,0.7173809141017417,18576.604223444003
2021-09-30 15:00:00,18232.51,0.6509378671810392,18485.798443384076
2021-09-30 16:00:00,18013.64,0.5844948202603367,18294.42845708253
2021-09-30 17:00:00,18332.68,0.5595786776650734,18719.52033410163
2021-09-30 18:00:00,19101.87,0.4599141072840196,19295.877194362056
2021-09-30 19:00:00,19513.62,0.43499796468875623,19900.190009267713
2021-09-30 20:00:00,19662.19,0.37686029863314147,19631.202622558147
2021-09-30 21:00:00,18999.41,0.3602495369029659,18913.93187902627
2021-09-30 22:00:00,18185.4,0.3104172517124391,18109.99396442835
2021-09-30 23:00:00,17228.64,0.2771957282520878,17056.157066368738
2021-10-01 00:00:00,16373.19,0.20244730046629755,16266.903619378974
2021-10-01 01:00:00,15881.13,0.11108811095033168,15568.55126023949
2021-10-01 02:00:00,15607.21,0.05295044489471693,15198.463931297481
2021-10-01 03:00:00,15395.57,0.011423540569277886,15007.772291752155
2021-10-01 04:00:00,15433.94,0.0861719683550682,15098.45353774266
2021-10-01 05:00:00,15555.62,0.06956120662489264,15254.95725489257
2021-10-01 06:00:00,16442.86,0.09447734922015597,15992.77501240818
2021-10-01 07:00:00,18024.23,0.0861719683550682,17449.653572997646
2021-10-01 08:00:00,19291.76,0.136004253545595,18714.816888015634
2021-10-01 09:00:00,19614.6,0.20244730046629755,19181.82049974419
2021-10-01 10:00:00,19464.97,0.3270280134426147,19108.558592674988
2021-10-01 11:00:00,19160.8,0.5097463924745465,18986.097966197092
2021-10-01 12:00:00,18897.35,0.659243248046127,18766.955133148735
2021-10-01 13:00:00,18603.7,0.6924647715064781,18644.509173042643
2021-10-01 14:00:00,18385.5,0.6758540097763026,18299.904362595073
2021-10-01 15:00:00,17976.35,0.6924647715064781,18236.35763458085
2021-10-01 16:00:00,17927.49,0.6758540097763026,18032.320012773827
2021-10-01 17:00:00,18287.1,0.6260217245857758,18265.398776917555
2021-10-01 18:00:00,18796.28,0.5595786776650734,18887.006971104296
2021-10-01 19:00:00,19033.07,0.5595786776650734,19030.341966410753
2021-10-01 20:00:00,18910.85,0.5180517733396344,18939.87709708441
2021-10-01 21:00:00,18211.38,0.5014410116094586,18191.484165843925
2021-10-01 22:00:00,17700.37,0.43499796468875623,17565.993271280076
2021-10-01 23:00:00,16736.64,0.37686029863314147,16810.41145589099
2021-10-02 00:00:00,15820.26,0.3270280134426147,16039.091327829532
2021-10-02 01:00:00,15195.56,0.28550110911717563,15440.69089558354
2021-10-02 02:00:00,14983.73,0.28550110911717563,15050.342203932978
2021-10-02 03:00:00,14713.45,0.28550110911717563,14786.833910516354
2021-10-02 04:00:00,14759.9,0.2771957282520878,14786.725763748
2021-10-02 05:00:00,14824.06,0.2938064899822634,14864.72169076286
2021-10-02 06:00:00,15112.99,0.26058496652191215,15331.631419580659
2021-10-02 07:00:00,15781.31,0.28550110911717563,15870.570235718764
2021-10-02 08:00:00,16638.54,0.3021118708473512,16744.32404068885
2021-10-02 09:00:00,17579.2,0.3104172517124391,17492.561405186487
2021-10-02 10:00:00,18152.52,0.2938064899822634,17803.992854131895
2021-10-02 11:00:00,18456.37,0.3104172517124391,17783.834533467925
2021-10-02 12:00:00,18638.23,0.2938064899822634,17665.335852938526
2021-10-02 13:00:00,18503.27,0.3270280134426147,17525.942918796143
2021-10-02 14:00:00,18062.22,0.34363877517279023,17187.444424972447
2021-10-02 15:00:00,17792.64,0.34363877517279023,16977.937226481932
2021-10-02 16:00:00,17579.26,0.35194415603787815,16747.14595391112
2021-10-02 17:00:00,17896.86,0.34363877517279023,17031.144404970106
2021-10-02 18:00:00,18314.75,0.34363877517279023,17429.17830719975
2021-10-02 19:00:00,18421.14,0.3602495369029659,17785.79344981377
2021-10-02 20:00:00,18086.53,0.3602495369029659,17653.85314767122
2021-10-02 21:00:00,17563.5,0.3021118708473512,17112.707285326243
2021-10-02 22:00:00,16997.24,0.34363877517279023,16700.44742009228
2021-10-02 23:00:00,16402.18,0.3270280134426147,16132.499376550428
2021-10-03 00:00:00,15826.34,0.3104172517124391,15445.433462189003
2021-10-03 01:00:00,15346.44,0.26058496652191215,15014.026013412615
2021-10-03 02:00:00,15053.4,0.2688903473870001,14860.053555444423
2021-10-03 03:00:00,14916.39,0.25227958565682435,14704.035996585051
2021-10-03 04:00:00,14839.87,0.22736344306156103,14690.249943766148
2021-10-03 05:00:00,14941.84,0.21075268133138533,14744.69751065732
2021-10-03 06:00:00,15232.72,0.21075268133138533,15185.222384991192
2021-10-03 07:00:00,15789.2,0.185836538736122,15879.419054661066
2021-10-03 08:00:00,16529.07,0.25227958565682435,16606.192264477162
2021-10-03 09:00:00,17330.95,0.3270280134426147,17259.716604149227
2021-10-03 10:00:00,17900.88,0.34363877517279023,17876.897409969693
2021-10-03 11:00:00,17982.09,0.4266925838236683,18049.386125555313
2021-10-03 12:00:00,18031.28,0.5180517733396344,18118.848352143435
2021-10-03 13:00:00,17901.98,0.5678840585301611,17832.73540662135
2021-10-03 14:00:00,17436.18,0.6426324863159515,17690.05395462095
2021-10-03 15:00:00,17209.69,0.659243248046127,17147.46724051239
2021-10-03 16:00:00,17070.93,0.6758540097763026,17224.022588059077
2021-10-03 17:00:00,17610.44,0.659243248046127,17710.367512064036
2021-10-03 18:00:00,18384.09,0.6011055819905124,18407.18664823131
2021-10-03 19:00:00,18837.28,0.4848302498792831,18714.585898497804
2021-10-03 20:00:00,18721.35,0.3934710603633172,18667.323479929728
2021-10-03 21:00:00,17969.79,0.3021118708473512,17968.043837398418
2021-10-03 22:00:00,17137.3,0.28550110911717563,17493.165334603065
2021-10-03 23:00:00,16403.93,0.22736344306156103,16568.756472497415
2021-10-04 00:00:00,15629.14,0.14430963441068295,15877.772690845444
2021-10-04 01:00:00,15191.43,0.07786658748998042,15342.227229929811
2021-10-04 02:00:00,15029.16,0.03633968316454137,15079.078408699446
2021-10-04 03:00:00,15088.28,0.011423540569277886,14956.555286576266
2021-10-04 04:00:00,15115.11,-0.030103363756161083,14964.142535750309
2021-10-04 05:00:00,15464.67,-0.046714125486336716,15187.78145191647
2021-10-04 06:00:00,16348.57,-0.07993564894668798,15984.990233029188
2021-10-04 07:00:00,18265.58,-0.030103363756161083,17344.848231418975
2021-10-04 08:00:00,19498.46,0.06125582575980486,18571.5720719327
2021-10-04 09:00:00,19646.47,0.21075268133138533,19067.0867529761
2021-10-04 10:00:00,19280.37,0.3104172517124391,19249.479242724316
2021-10-04 11:00:00,19213.63,0.41008182209349275,19251.14429212247
2021-10-04 12:00:00,19084.55,0.4765248690141953,19329.543491584198
2021-10-04 13:00:00,18789.09,0.6011055819905124,19024.87635805325
2021-10-04 14:00:00,18688.22,0.659243248046127,18780.348981161846
2021-10-04 15:00:00,18269.27,0.6924647715064781,18679.673535823687
2021-10-04 16:00:00,18178.23,0.700770152371566,18495.461143646622
2021-10-04 17:00:00,18741.18,0.7173809141017417,18982.735674115153
2021-10-04 18:00:00,19514.35,0.709075533236654,19727.22688730965
2021-10-04 19:00:00,19905.31,0.7173809141017417,20042.313732918035
2021-10-04 20:00:00,19730.51,0.6509378671810392,19831.405722916523
2021-10-04 21:00:00,18939.57,0.617716343720688,18986.59517631311
2021-10-04 22:00:00,18058.67,0.5928002011254245,18025.28215844917
2021-10-04 23:00:00,17024.46,0.5761894393952489,16944.08019897378
2021-10-05 00:00:00,16034.85,0.5595786776650734,15922.414610258355
2021-10-05 01:00:00,15536.87,0.4183872029585805,15414.473259836197
2021-10-05 02:00:00,15235.88,0.3851656794982293,15336.714236934473
2021-10-05 03:00:00,15096.59,0.3353333943077024,15159.318458393223
2021-10-05 04:00:00,15152.3,0.3021118708473512,15146.193344153435
2021-10-05 05:00:00,15286.21,0.2938064899822634,15391.016713774092
2021-10-05 06:00:00,16183.54,0.28550110911717563,16035.934061275782
2021-10-05 07:00:00,17904.59,0.2938064899822634,17491.879189084128
2021-10-05 08:00:00,19064.25,0.3270280134426147,18697.16559783307
2021-10-05 09:00:00,19108.8,0.3685549177680537,18999.718717337135
2021-10-05 10:00:00,18851.74,0.4599141072840196,18815.297444564283
2021-10-05 11:00:00,18773.69,0.5097463924745465,18891.579267408448
2021-10-05 12:00:00,18660.05,0.5678840585301611,18756.555997689185
2021-10-05 13:00:00,18511.22,0.6260217245857758,18418.173831605487
2021-10-05 14:00:00,18280.58,0.6841593906413905,18138.855336182984
2021-10-05 15:00:00,18030.29,0.709075533236654,17940.92178477143
2021-10-05 16:00:00,17979.81,0.8087401036177077,18003.91885415212
2021-10-05 17:00:00,18478.19,0.750602437562093,18587.175415132104
2021-10-05 18:00:00,18995.48,0.6426324863159515,19359.05996645033
2021-10-05 19:00:00,19323.5,0.4183872029585805,19540.04959475836
2021-10-05 20:00:00,19331.18,0.31872263257752687,19338.695369890436
2021-10-05 21:00:00,18577.42,0.26058496652191215,18703.09486681066
2021-10-05 22:00:00,17704.8,0.20244730046629755,17927.683478951818
2021-10-05 23:00:00,16802.01,0.16922577700594627,17056.807140843084
2021-10-06 00:00:00,15873.53,0.16092039614085848,16104.547879846665
2021-10-06 01:00:00,15322.15,0.16922577700594627,15636.78905936966
2021-10-06 02:00:00,15037.23,0.05295044489471693,15370.725243711979
2021-10-06 03:00:00,14989.95,0.019728921434365814,15349.268488168915
2021-10-06 04:00:00,15130.57,0.09447734922015597,15271.40058924249
2021-10-06 05:00:00,15291.4,0.2439742047917366,15337.535932058683
2021-10-06 06:00:00,16185.97,0.19414191960120977,16263.15338197944
2021-10-06 07:00:00,17821.64,0.25227958565682435,17779.108704447703
2021-10-06 08:00:00,19107.81,0.28550110911717563,19040.26335080081
2021-10-06 09:00:00,19113.23,0.3602495369029659,19299.05793594996
2021-10-06 10:00:00,18740.66,0.5928002011254245,19343.35021996629
2021-10-06 11:00:00,18633.67,0.6011055819905124,19233.85660941832
2021-10-06 12:00:00,18517.18,0.7339916758319172,18990.40298435048
2021-10-06 13:00:00,18271.01,0.9084046739987612,18616.25397310846
2021-10-06 14:00:00,18096.34,0.9997638635147272,18465.019244652038
2021-10-06 15:00:00,17912.83,1.0329853869750785,18187.493909937137
2021-10-06 16:00:00,17949.42,1.0163746252449029,18122.56174967165
2021-10-06 17:00:00,18234.72,0.9333208165940248,18625.55583372616
2021-10-06 18:00:00,18689.17,0.6841593906413905,19474.615474506147
2021-10-06 19:00:00,19237.4,0.5844948202603367,19674.28189483562
2021-10-06 20:00:00,19231.12,0.4183872029585805,19466.36827595834
2021-10-06 21:00:00,18463.62,0.3934710603633172,18816.804188269485
2021-10-06 22:00:00,17556.67,0.3851656794982293,17923.320922139945
2021-10-06 23:00:00,16529.24,0.2356688239266488,17046.23510735251
2021-10-07 00:00:00,15751.77,0.2356688239266488,16126.725167517026
2021-10-07 01:00:00,15356.09,0.185836538736122,15366.45527027669
2021-10-07 02:00:00,15084.92,0.06125582575980486,15130.100259087993
2021-10-07 03:00:00,14817.67,0.09447734922015597,14954.70081412439
2021-10-07 04:00:00,14844.15,0.06956120662489264,15097.237266685812
2021-10-07 05:00:00,15114.34,0.019728921434365814,15285.662233210727
2021-10-07 06:00:00,15917.59,0.0861719683550682,16029.723308541317
2021-10-07 07:00:00,17668.96,0.25227958565682435,17605.74197490098
2021-10-07 08:00:00,18821.45,0.3353333943077024,18925.79731430262
2021-10-07 09:00:00,18904.62,0.4848302498792831,19022.48757877727
2021-10-07 10:00:00,18489.41,0.659243248046127,18766.138498011725
2021-10-07 11:00:00,18369.84,0.8087401036177077,18893.623503258586
2021-10-07 12:00:00,18487.24,0.9831531017845514,18760.852410877345
2021-10-07 13:00:00,18233.96,1.0495961487052539,18515.96302261606
2021-10-07 14:00:00,18183.33,1.0662069104354295,18356.23646295489
2021-10-07 15:00:00,17867.46,1.0745122913005174,18142.30555009491
2021-10-07 16:00:00,17905.23,1.0495961487052539,18135.721830216098
2021-10-07 17:00:00,18061.19,0.9665423400543759,18448.663972133283
2021-10-07 18:00:00,18521.53,0.7755185801573562,19082.226106349302
2021-10-07 19:00:00,18949.54,0.6758540097763026,19468.33471436598
2021-10-07 20:00:00,18892.14,0.5844948202603367,19498.431335969435
2021-10-07 21:00:00,18279.5,0.5595786776650734,18739.293659897252
2021-10-07 22:00:00,17623.69,0.44330334555384404,17622.999289195963
2021-10-07 23:00:00,16736.04,0.41008182209349275,16627.092039373656
2021-10-08 00:00:00,15627.15,0.37686029863314147,15804.633533871303
2021-10-08 01:00:00,14858.79,0.3602495369029659,15310.004393000103
2021-10-08 02:00:00,14657.05,0.25227958565682435,15053.359497732195
2021-10-08 03:00:00,14443.35,0.25227958565682435,14854.365296884023
2021-10-08 04:00:00,14436.94,0.17753115787103405,14924.516506577826
2021-10-08 05:00:00,14638.16,0.02803430229945359,15217.396664323152
2021-10-08 06:00:00,15466.89,0.0861719683550682,16066.118124157783
2021-10-08 07:00:00,16994.43,0.185836538736122,17691.119905567473
2021-10-08 08:00:00,18265.7,0.4848302498792831,18874.143449067346
2021-10-08 09:00:00,18776.49,0.6675486289112149,19052.391956407795
2021-10-08 10:00:00,18821.99,0.8253508653478832,18822.824074459284
2021-10-08 11:00:00,18753.44,0.9831531017845514,18734.664097489367
2021-10-08 12:00:00,18585.4,1.0329853869750785,18642.8626484055
2021-10-08 13:00:00,18406.27,1.1160391956259565,18516.74009358604
2021-10-08 14:00:00,18216.98,1.1907876234117467,18212.8878743567
2021-10-08 15:00:00,17957.46,1.182482242546659,17898.976181517737
2021-10-08 16:00:00,17817.14,1.132649957356132,17841.77288818697
2021-10-08 17:00:00,18161.12,0.9167100548638492,18043.82368390801
2021-10-08 18:00:00,18612.71,0.8087401036177077,18390.08437237616
2021-10-08 19:00:00,18731.35,0.7339916758319172,18559.715951416696
2021-10-08 20:00:00,18668.25,0.700770152371566,18622.251009834676
2021-10-08 21:00:00,18078.59,0.6094109628556001,17945.692269492032
2021-10-08 22:00:00,17383.52,0.5346625350698099,17162.814264486973
2021-10-08 23:00:00,16586.45,0.43499796468875623,16373.513746802544
2021-10-09 00:00:00,15544.36,0.3602495369029659,15313.719627708764
2021-10-09 01:00:00,14998.74,0.2938064899822634,14545.782468581094
2021-10-09 02:00:00,14716.85,0.26058496652191215,14311.329604562523
2021-10-09 03:00:00,14583.01,0.185836538736122,14053.65541393417
2021-10-09 04:00:00,14516.97,0.25227958565682435,14209.792780951093
2021-10-09 05:00:00,14691.72,0.17753115787103405,14330.996014661263
2021-10-09 06:00:00,14897.49,0.14430963441068295,14824.81876051978
2021-10-09 07:00:00,15564.94,0.4266925838236683,15711.093335316506
2021-10-09 08:00:00,16464.0,0.5928002011254245,16450.354257358507
2021-10-09 09:00:00,17186.79,0.7173809141017417,17036.975825621994
2021-10-09 10:00:00,17663.14,0.8253508653478832,17368.009854216987
2021-10-09 11:00:00,17767.96,0.8419616270780588,17594.04816223326
2021-10-09 12:00:00,17733.07,0.9499315783242003,17625.54017468154
2021-10-09 13:00:00,17613.34,0.9748477209194638,17555.55167909877
2021-10-09 14:00:00,17290.42,0.9582369591892882,17334.622730777548
2021-10-09 15:00:00,16938.14,0.9665423400543759,17082.60400418951
2021-10-09 16:00:00,16889.5,0.8668777696733222,16892.431459118397
2021-10-09 17:00:00,17038.79,0.8004347227526197,17194.557740970256
2021-10-09 18:00:00,17449.58,0.7256862949668296,17534.55193442762
2021-10-09 19:00:00,17835.51,0.6675486289112149,17783.53391072853
2021-10-09 20:00:00,17596.69,0.5928002011254245,17691.114446757314
2021-10-09 21:00:00,17146.87,0.5761894393952489,17117.30255455303
2021-10-09 22:00:00,16632.46,0.5512732967999855,16445.967332053486
2021-10-09 23:00:00,16084.69,0.5595786776650734,16065.654548950624
2021-10-10 00:00:00,15455.05,0.5097463924745465,15132.384380100226
2021-10-10 01:00:00,15018.99,0.4848302498792831,14554.191898925772
2021-10-10 02:00:00,14622.49,0.4848302498792831,14480.709639827879
2021-10-10 03:00:00,14455.38,0.4765248690141953,14393.532955931953
2021-10-10 04:00:00,14410.1,0.4516087264189318,14370.905008307815
2021-10-10 05:00:00,14471.09,0.44330334555384404,14578.556668178502
2021-10-10 06:00:00,14719.68,0.4516087264189318,14742.351423988506
2021-10-10 07:00:00,15336.57,0.46821948814910735,15427.060769588408
2021-10-10 08:00:00,15979.86,0.49313563074437083,16236.816143507307
2021-10-10 09:00:00,16782.35,0.5014410116094586,16875.87330424188
2021-10-10 10:00:00,17380.89,0.5263571542047221,17270.527810037012
2021-10-10 11:00:00,17737.94,0.5678840585301611,17381.24451829302
2021-10-10 12:00:00,17819.02,0.6426324863159515,17503.356241609054
2021-10-10 13:00:00,17899.41,0.750602437562093,17499.67244260916
2021-10-10 14:00:00,17569.36,0.8004347227526197,17211.32439791428
2021-10-10 15:00:00,17234.46,0.8834885314034978,16987.141349216836
2021-10-10 16:00:00,17003.97,0.8834885314034978,16994.597512192435
2021-10-10 17:00:00,17497.55,0.8419616270780588,17351.92129658174
2021-10-10 18:00:00,17866.56,0.750602437562093,17902.105463499644
2021-10-10 19:00:00,18181.24,0.750602437562093,18453.475131303047
2021-10-10 20:00:00,17862.52,0.750602437562093,18408.143575673545
2021-10-10 21:00:00,17236.54,0.7422970566970051,17746.201152658843
2021-10-10 22:00:00,16720.75,0.709075533236654,17008.48209710283
2021-10-10 23:00:00,15976.03,0.6094109628556001,16248.554078528417
2021-10-11 00:00:00,15174.29,0.6509378671810392,15475.728194298672
2021-10-11 01:00:00,14588.08,0.6675486289112149,14985.377923153668
2021-10-11 02:00:00,14187.57,0.6841593906413905,14647.9559373768
2021-10-11 03:00:00,14088.91,0.6675486289112149,14548.035707932848
2021-10-11 04:00:00,13938.78,0.6343271054508636,14520.161964215615
2021-10-11 05:00:00,14033.76,0.6343271054508636,14740.722523386337
2021-10-11 06:00:00,14491.14,0.6343271054508636,15400.332283548425
2021-10-11 07:00:00,15093.95,0.617716343720688,16878.37832719535
2021-10-11 08:00:00,15729.99,0.6841593906413905,18093.203887852407
2021-10-11 09:00:00,16776.35,0.709075533236654,18590.905030553815
2021-10-11 10:00:00,17340.66,0.7755185801573562,18655.763079865097
2021-10-11 11:00:00,17900.75,0.8668777696733222,18840.34215309327
2021-10-11 12:00:00,18087.54,0.9416261974591124,18922.88772511894
2021-10-11 13:00:00,17862.92,1.008069244379815,18835.280371779532
2021-10-11 14:00:00,17464.48,1.0412907678401664,18720.064261578376
2021-10-11 15:00:00,17223.69,1.1077338147608686,18409.432035461505
2021-10-11 16:00:00,17342.97,1.0745122913005174,18340.23797776738
2021-10-11 17:00:00,17705.84,1.008069244379815,18777.52798254958
2021-10-11 18:00:00,18355.87,0.9416261974591124,19181.880976046174
2021-10-11 19:00:00,18988.41,0.9167100548638492,19367.11641880361
2021-10-11 20:00:00,18614.27,0.8253508653478832,19031.157466892095
2021-10-11 21:00:00,17870.75,0.792129341887532,18424.247239373184
2021-10-11 22:00:00,17014.97,0.7173809141017417,17542.42046387012
2021-10-11 23:00:00,15911.85,0.6675486289112149,16696.863057558414
2021-10-12 00:00:00,15098.59,0.5844948202603367,15607.873790664125
2021-10-12 01:00:00,14558.32,0.4765248690141953,15056.698181279187
2021-10-12 02:00:00,14298.84,0.49313563074437083,14751.796354641874
2021-10-12 03:00:00,14080.82,0.5263571542047221,14495.07023820347
2021-10-12 04:00:00,14013.63,0.5014410116094586,14283.754596362032
2021-10-12 05:00:00,14187.07,0.401776441228405,14422.154020139686
2021-10-12 06:00:00,14706.43,0.46821948814910735,14957.376760343832
2021-10-12 07:00:00,16352.91,0.5512732967999855,16161.614406601477
2021-10-12 08:00:00,17705.93,0.6094109628556001,17105.708965917318
2021-10-12 09:00:00,18159.08,0.750602437562093,17493.282850337822
2021-10-12 10:00:00,18187.92,0.9000992931336733,17843.091501800012
2021-10-12 11:00:00,18245.67,1.0828176721656053,18246.212821099074
2021-10-12 12:00:00,18445.17,1.099428433895781,18288.280619933525
2021-10-12 13:00:00,18318.91,1.132649957356132,18284.14290688117
2021-10-12 14:00:00,18211.41,1.2738414320626248,18140.54586833664
2021-10-12 15:00:00,18009.27,1.298757574657888,17944.878775909583
2021-10-12 16:00:00,18155.11,1.2489252894673615,17686.253402044244
2021-10-12 17:00:00,18608.17,1.132649957356132,18040.388905102962
2021-10-12 18:00:00,19142.58,1.0412907678401664,18782.206561671213
2021-10-12 19:00:00,19482.05,1.0412907678401664,19124.7722500422
2021-10-12 20:00:00,19381.49,0.9997638635147272,18887.150747047894
2021-10-12 21:00:00,18497.22,0.9167100548638492,18188.52327751381
2021-10-12 22:00:00,17671.31,0.8253508653478832,17346.93362217104
2021-10-12 23:00:00,16706.81,0.7339916758319172,16139.304388161981
2021-10-13 00:00:00,15482.57,0.5678840585301611,15272.64279813803
2021-10-13 01:00:00,14860.92,0.5595786776650734,14795.801542265199
2021-10-13 02:00:00,14565.26,0.5844948202603367,14454.377549053514
2021-10-13 03:00:00,14339.05,0.5928002011254245,14314.176562861092
2021-10-13 04:00:00,14294.46,0.5014410116094586,14104.974020825128
2021-10-13 05:00:00,14435.05,0.5180517733396344,14371.714413274327
2021-10-13 06:00:00,15210.93,0.5761894393952489,14749.48825294032
2021-10-13 07:00:00,17085.76,0.5180517733396344,16485.80000017029
2021-10-13 08:00:00,18158.2,0.6924647715064781,17690.809474232705
2021-10-13 09:00:00,18403.33,0.8253508653478832,18273.76369304775
2021-10-13 10:00:00,18319.5,0.8751831505384101,18385.195639479873
2021-10-13 11:00:00,18435.42,1.0163746252449029,18527.233793853884
2021-10-13 12:00:00,18406.52,0.9250154357289369,18543.740028537937
2021-10-13 13:00:00,18420.31,0.9499315783242003,18414.365554515076
2021-10-13 14:00:00,18369.67,0.8336562462129711,18153.49068379151
2021-10-13 15:00:00,18212.78,0.8087401036177077,17706.603289922365
2021-10-13 16:00:00,18331.35,0.8585723888082343,17889.834937655614
2021-10-13 17:00:00,18796.19,0.8419616270780588,18241.03798504272
2021-10-13 18:00:00,19518.76,0.8253508653478832,18835.054640284223
2021-10-13 19:00:00,19836.35,0.7672131992922686,19282.234913243436
2021-10-13 20:00:00,19405.69,0.792129341887532,19093.93748833641
2021-10-13 21:00:00,18562.61,0.7672131992922686,18412.328954904395
2021-10-13 22:00:00,17469.3,0.7672131992922686,17612.4423144266
2021-10-13 23:00:00,16622.1,0.750602437562093,16818.805232625014
2021-10-14 00:00:00,15541.42,0.7339916758319172,15689.270952028472
2021-10-14 01:00:00,15047.94,0.750602437562093,15106.507412863159
2021-10-14 02:00:00,14592.24,0.7672131992922686,14718.900663703165
2021-10-14 03:00:00,14388.62,0.792129341887532,14457.469618423082
2021-10-14 04:00:00,14361.28,0.7589078184271807,14481.271683333394
2021-10-14 05:00:00,14495.1,0.7339916758319172,14565.145814503483
2021-10-14 06:00:00,15298.61,0.7339916758319172,15182.92464918687
2021-10-14 07:00:00,17126.92,0.7672131992922686,16558.070837442927
2021-10-14 08:00:00,18418.3,0.8087401036177077,17732.01886979712
2021-10-14 09:00:00,18301.97,0.8253508653478832,18251.34622999872
2021-10-14 10:00:00,18316.9,0.8253508653478832,18235.847381212865
2021-10-14 11:00:00,18578.84,0.8253508653478832,18378.363238117
2021-10-14 12:00:00,18636.82,0.9084046739987612,18562.011632773556
2021-10-14 13:00:00,18443.7,0.9250154357289369,18423.82475579066
2021-10-14 14:00:00,18338.45,0.9582369591892882,18409.732312310334
2021-10-14 15:00:00,18045.24,0.9665423400543759,18051.610829072793
2021-10-14 16:00:00,18085.48,0.9748477209194638,18243.687764423637
2021-10-14 17:00:00,18449.91,0.9416261974591124,18499.258274959284
2021-10-14 18:00:00,19200.6,0.9333208165940248,19098.65718174298
2021-10-14 19:00:00,19611.58,0.9084046739987612,19620.275842084397
2021-10-14 20:00:00,19310.95,0.8751831505384101,19203.295790578726
2021-10-14 21:00:00,18664.33,0.8917939122685857,18546.166195794794
2021-10-14 22:00:00,17694.55,0.8419616270780588,17544.783738632705
2021-10-14 23:00:00,16759.46,0.8336562462129711,16733.525706841425
2021-10-15 00:00:00,15837.46,0.8336562462129711,15625.508240265484
2021-10-15 01:00:00,15201.14,0.792129341887532,15012.09958921148
2021-10-15 02:00:00,14984.35,0.700770152371566,14581.24637131305
2021-10-15 03:00:00,14748.11,0.6343271054508636,14458.90673434087
2021-10-15 04:00:00,14626.77,0.6094109628556001,14430.92563004357
2021-10-15 05:00:00,14709.63,0.659243248046127,14556.516662924241
2021-10-15 06:00:00,15920.28,0.6758540097763026,15287.932376278082
2021-10-15 07:00:00,17151.05,0.6675486289112149,16944.092625417947
2021-10-15 08:00:00,18059.17,0.7173809141017417,18092.195773107273
2021-10-15 09:00:00,18194.11,0.6758540097763026,18443.249627793786
2021-10-15 10:00:00,18512.7,0.7256862949668296,18500.227323768522
2021-10-15 11:00:00,18692.64,0.8004347227526197,18621.47728200216
2021-10-15 12:00:00,18700.51,0.9250154357289369,18581.094137994864
2021-10-15 13:00:00,18598.04,0.9914584826496393,18562.009347184463
2021-10-15 14:00:00,18245.89,0.9748477209194638,18232.60823261916
2021-10-15 15:00:00,18118.94,0.8917939122685857,17809.954715180073
2021-10-15 16:00:00,18061.01,0.8751831505384101,17769.92676839203
2021-10-15 17:00:00,18512.9,0.792129341887532,18013.66490188399
2021-10-15 18:00:00,19160.83,0.7755185801573562,18564.57174932829
2021-10-15 19:00:00,19140.33,0.7755185801573562,18930.524023310045
2021-10-15 20:00:00,18625.22,0.750602437562093,18592.100435787925
2021-10-15 21:00:00,17916.22,0.750602437562093,17920.766448140505
2021-10-15 22:00:00,17231.22,0.6924647715064781,17039.29766251712
2021-10-15 23:00:00,16401.53,0.6675486289112149,16286.077753552929
2021-10-16 00:00:00,15610.56,0.7173809141017417,15521.61712677512
2021-10-16 01:00:00,14936.17,0.7256862949668296,14863.663918911401
2021-10-16 02:00:00,14722.12,0.6841593906413905,14522.60018819344
2021-10-16 03:00:00,14513.1,0.709075533236654,14331.701325639508
2021-10-16 04:00:00,14380.49,0.7755185801573562,14176.283825108007
2021-10-16 05:00:00,14419.47,0.792129341887532,14179.13517263936
2021-10-16 06:00:00,14563.17,0.8502670079431467,14648.974270777013
2021-10-16 07:00:00,15214.52,0.8668777696733222,15280.049349177065
2021-10-16 08:00:00,16015.68,0.9000992931336733,15831.599463770675
2021-10-16 09:00:00,16781.47,0.9831531017845514,16506.752008912226
2021-10-16 10:00:00,17759.13,0.9997638635147272,17206.174228274223
2021-10-16 11:00:00,18126.35,0.9582369591892882,17595.311061447028
2021-10-16 12:00:00,18481.71,0.9831531017845514,17624.12973140591
2021-10-16 13:00:00,18398.92,0.9997638635147272,17524.299935952724
2021-10-16 14:00:00,18092.04,0.9167100548638492,17219.313298805842
2021-10-16 15:00:00,18115.69,0.9333208165940248,16985.945722774486
2021-10-16 16:00:00,17913.72,0.7672131992922686,16818.584706626003
2021-10-16 17:00:00,18171.24,0.709075533236654,17084.17038605794
2021-10-16 18:00:00,18462.83,0.709075533236654,17573.160809386532
2021-10-16 19:00:00,18550.63,0.6675486289112149,17891.23402166807
2021-10-16 20:00:00,17870.16,0.5512732967999855,17311.558045082907
2021-10-16 21:00:00,17243.15,0.4765248690141953,16604.74206835149
2021-10-16 22:00:00,16745.44,0.43499796468875623,16039.73769589372
2021-10-16 23:00:00,15930.61,0.3602495369029659,15525.25947984601
2021-10-17 00:00:00,15466.06,0.3104172517124391,14940.670609895473
2021-10-17 01:00:00,15041.28,0.2771957282520878,14344.062267826092
2021-10-17 02:00:00,14656.12,0.25227958565682435,14347.411827916485
2021-10-17 03:00:00,14457.45,0.21905806219647309,14220.661010224794
2021-10-17 04:00:00,14379.57,0.22736344306156103,14207.742116829219
2021-10-17 05:00:00,14385.32,0.17753115787103405,14321.769427563604
2021-10-17 06:00:00,14616.25,0.06956120662489264,14803.484474766954
2021-10-17 07:00:00,15126.99,0.02803430229945359,15736.170691108859
2021-10-17 08:00:00,15746.48,0.11939349181541946,16444.80717864808
2021-10-17 09:00:00,16672.2,0.15261501527577073,16954.937480759956
2021-10-17 10:00:00,17404.61,0.22736344306156103,17290.951587043503
2021-10-17 11:00:00,17732.57,0.31872263257752687,17646.237071050728
2021-10-17 12:00:00,17707.76,0.35194415603787815,18001.96289551949
2021-10-17 13:00:00,17535.05,0.46821948814910735,17818.017527833716
2021-10-17 14:00:00,17345.04,0.3934710603633172,17716.300424386776
2021-10-17 15:00:00,17073.81,0.4516087264189318,17503.545917224645
2021-10-17 16:00:00,17053.2,0.3685549177680537,17413.13196918022
2021-10-17 17:00:00,17760.08,0.31872263257752687,18022.129146521762
2021-10-17 18:00:00,18518.47,0.2938064899822634,18771.442327400047
2021-10-17 19:00:00,19024.1,0.25227958565682435,18980.15492217427
2021-10-17 20:00:00,18647.82,0.21905806219647309,18690.40242301526
2021-10-17 21:00:00,17695.54,0.19414191960120977,18103.235291980945
2021-10-17 22:00:00,17123.19,0.136004253545595,17687.726338568627
2021-10-17 23:00:00,16172.54,0.14430963441068295,16363.450183420086
2021-10-18 00:00:00,15397.64,0.0861719683550682,15924.4865307404
2021-10-18 01:00:00,15013.16,0.06956120662489264,15617.141383103657
2021-10-18 02:00:00,14800.21,0.04464506402962915,14981.939006512175
2021-10-18 03:00:00,14719.61,0.011423540569277886,14884.132992000448
2021-10-18 04:00:00,14882.45,-0.013492602025985451,14687.334696296706
2021-10-18 05:00:00,15140.34,-0.005187221160897672,14940.912163375504
2021-10-18 06:00:00,15916.78,0.019728921434365814,15718.93241906303
2021-10-18 07:00:00,17758.42,0.011423540569277886,17298.413097922938
2021-10-18 08:00:00,19015.38,0.011423540569277886,18688.846753545462
2021-10-18 09:00:00,19354.41,0.0031181597041901074,19441.51568063405
2021-10-18 10:00:00,19386.7,0.09447734922015597,19571.30180132623
2021-10-18 11:00:00,19300.48,0.14430963441068295,19473.959638974542
2021-10-18 12:00:00,19319.87,0.21075268133138533,19394.94847847763
2021-10-18 13:00:00,19048.75,0.26058496652191215,19361.969089022386
2021-10-18 14:00:00,18804.8,0.2439742047917366,19076.395461572345
2021-10-18 15:00:00,18486.03,0.17753115787103405,19043.63868817668
2021-10-18 16:00:00,18421.38,0.21075268133138533,18647.93428645754
2021-10-18 17:00:00,19035.79,0.20244730046629755,19345.72945068662
2021-10-18 18:00:00,20066.63,0.11108811095033168,20090.568885121596
2021-10-18 19:00:00,20565.53,0.11108811095033168,20409.661079175916
2021-10-18 20:00:00,20162.65,0.1027827300852439,19878.148985890035
2021-10-18 21:00:00,19371.97,0.06125582575980486,18798.13104136049
2021-10-18 22:00:00,18564.88,0.02803430229945359,18034.595836715584
2021-10-18 23:00:00,17576.9,0.02803430229945359,16889.028962283544
2021-10-19 00:00:00,16662.18,-0.055019506351424496,15911.460806309928
2021-10-19 01:00:00,16176.71,-0.07163026808160013,15845.10791021983
2021-10-19 02:00:00,15827.12,-0.07993564894668798,15503.751590560447
2021-10-19 03:00:00,15811.44,-0.07993564894668798,15163.218536991286
2021-10-19 04:00:00,15911.29,-0.07163026808160013,15261.94422650219
2021-10-19 05:00:00,16170.55,-0.07163026808160013,15425.914754690008
2021-10-19 06:00:00,17055.79,-0.08824102981177576,16511.1461544654
2021-10-19 07:00:00,18777.22,-0.1297679341372148,18293.935857635683
2021-10-19 08:00:00,20310.73,-0.12146255327212702,19725.198248888108
2021-10-19 09:00:00,20613.78,-0.12146255327212702,20186.827436887324
2021-10-19 10:00:00,20315.12,-0.06332488721651235,19918.630909302417
2021-10-19 11:00:00,20307.18,-0.005187221160897672,19609.56749010586
2021-10-19 12:00:00,20315.43,0.06956120662489264,19536.437780401873
2021-10-19 13:00:00,20176.31,0.09447734922015597,19387.306074233948
2021-10-19 14:00:00,19856.11,0.136004253545595,19238.158216436066
2021-10-19 15:00:00,19424.03,0.21905806219647309,18835.821051079176
2021-10-19 16:00:00,19319.67,0.22736344306156103,18682.97118456387
2021-10-19 17:00:00,19888.07,0.16092039614085848,19349.48620276745
2021-10-19 18:00:00,20727.38,0.03633968316454137,20238.017847229195
2021-10-19 19:00:00,21205.9,0.06125582575980486,20435.03200977557
2021-10-19 20:00:00,20854.0,-0.07163026808160013,20204.267609485847
2021-10-19 21:00:00,19997.93,-0.013492602025985451,19411.6443313834
2021-10-19 22:00:00,19180.16,-0.1297679341372148,18896.657545236638
2021-10-19 23:00:00,18217.62,-0.10485179154195139,17765.04033399239
2021-10-20 00:00:00,17252.46,-0.1297679341372148,16857.557956208322
2021-10-20 01:00:00,16676.2,-0.12146255327212702,16323.755942315345
2021-10-20 02:00:00,16473.26,-0.005187221160897672,15707.349561370325
2021-10-20 03:00:00,16386.58,-0.046714125486336716,15843.885107530004
2021-10-20 04:00:00,16369.13,-0.046714125486336716,15773.208196167954
2021-10-20 05:00:00,16664.34,-0.13807331500230258,16062.612227419377
2021-10-20 06:00:00,17549.81,-0.30418093230405874,17160.137126003894
2021-10-20 07:00:00,19398.34,-0.2045163619230051,18854.385078598207
2021-10-20 08:00:00,20743.6,0.1027827300852439,19680.255815789613
2021-10-20 09:00:00,20411.0,0.22736344306156103,19973.031238093125
2021-10-20 10:00:00,19678.03,0.37686029863314147,19689.03082104469
2021-10-20 11:00:00,19171.78,0.49313563074437083,19605.510064386894
2021-10-20 12:00:00,18982.34,0.617716343720688,19280.129634088895
2021-10-20 13:00:00,18512.28,0.6924647715064781,18920.09179751037
2021-10-20 14:00:00,18362.12,0.7339916758319172,18876.881442477963
2021-10-20 15:00:00,17772.83,0.792129341887532,18384.93930996158
2021-10-20 16:00:00,17846.15,0.792129341887532,18557.0478413258
2021-10-20 17:00:00,18487.08,0.6841593906413905,19128.253639031333
2021-10-20 18:00:00,19490.3,0.700770152371566,19886.567608801037
2021-10-20 19:00:00,20041.35,0.6841593906413905,20551.307893191995
2021-10-20 20:00:00,19757.96,0.5678840585301611,20139.43677994853
2021-10-20 21:00:00,19033.23,0.5346625350698099,19193.077107425932
2021-10-20 22:00:00,18149.27,0.5678840585301611,18265.975428093214
2021-10-20 23:00:00,17229.24,0.4765248690141953,17128.078587590328
2021-10-21 00:00:00,16315.3,0.41008182209349275,16136.46835150836
2021-10-21 01:00:00,15758.08,0.41008182209349275,15759.113785497328
2021-10-21 02:00:00,15462.89,0.3934710603633172,15721.2051340064
2021-10-21 03:00:00,15244.77,0.4516087264189318,15097.017147799717
2021-10-21 04:00:00,15308.75,0.2771957282520878,15623.373862536979
2021-10-21 05:00:00,15488.89,0.31872263257752687,15610.8764534613
2021-10-21 06:00:00,16248.48,0.31872263257752687,15971.811539101105
2021-10-21 07:00:00,17964.31,0.2688903473870001,17483.85963173598
2021-10-21 08:00:00,19373.24,0.2771957282520878,18888.004252298488
2021-10-21 09:00:00,19702.33,0.22736344306156103,18837.211923385992
2021-10-21 10:00:00,19545.46,0.16092039614085848,18745.533557633593
2021-10-21 11:00:00,19657.27,0.11939349181541946,18923.43426388484
2021-10-21 12:00:00,19801.3,0.16092039614085848,19073.79998500297
2021-10-21 13:00:00,19674.52,0.20244730046629755,18566.491620937017
2021-10-21 14:00:00,19958.71,0.2356688239266488,18457.21228614961
2021-10-21 15:00:00,19461.76,0.25227958565682435,18187.429203184267
2021-10-21 16:00:00,19329.72,0.2688903473870001,18154.661002877736
2021-10-21 17:00:00,19920.63,0.21075268133138533,18480.934011140474
2021-10-21 18:00:00,20697.53,0.17753115787103405,19052.398964568958
2021-10-21 19:00:00,20919.82,0.16922577700594627,19907.64980135609
2021-10-21 20:00:00,20212.19,0.16922577700594627,19361.902966807414
2021-10-21 21:00:00,19576.6,0.17753115787103405,18630.58018731455
2021-10-21 22:00:00,18721.51,0.22736344306156103,18050.711406085917
2021-10-21 23:00:00,17697.46,0.28550110911717563,17167.05270538589
2021-10-22 00:00:00,16730.08,0.2771957282520878,16284.424902530422
2021-10-22 01:00:00,16147.14,0.26058496652191215,15901.53411804793
2021-10-22 02:00:00,15806.96,0.3353333943077024,15794.393868295172
2021-10-22 03:00:00,15642.58,0.3934710603633172,15448.378432448288
2021-10-22 04:00:00,15573.86,0.4183872029585805,15446.97735046516
2021-10-22 05:00:00,15730.27,0.44330334555384404,15526.061246473568
2021-10-22 06:00:00,16625.47,0.4599141072840196,16105.715520182046
2021-10-22 07:00:00,18273.69,0.26058496652191215,18001.982068207766
2021-10-22 08:00:00,19466.88,0.17753115787103405,19695.56830462176
2021-10-22 09:00:00,19930.56,0.06956120662489264,20380.042297062726
2021-10-22 10:00:00,20002.36,-0.005187221160897672,20563.309990819536
2021-10-22 11:00:00,19952.97,-0.038408744621248936,20353.051010885483
2021-10-22 12:00:00,19949.24,-0.08824102981177576,20316.863642179593
2021-10-22 13:00:00,19721.59,-0.06332488721651235,19732.27036580818
2021-10-22 14:00:00,19582.04,-0.07993564894668798,19350.25286096774
2021-10-22 15:00:00,19471.7,-0.07163026808160013,18622.759006628177
2021-10-22 16:00:00,19588.7,-0.07993564894668798,18570.32715213852
2021-10-22 17:00:00,20004.91,-0.09654641067686354,18874.927080936795
2021-10-22 18:00:00,20910.54,-0.12146255327212702,19608.108222305174
2021-10-22 19:00:00,21048.85,-0.13807331500230258,19696.606069193527
2021-10-22 20:00:00,20339.08,-0.17129483846265384,19021.658719413772
2021-10-22 21:00:00,19752.97,-0.16298945759756606,18304.934573142793
2021-10-22 22:00:00,19241.49,-0.2045163619230051,18061.931198700204
2021-10-22 23:00:00,18529.27,-0.24604326624844414,17607.930356412995
2021-10-23 00:00:00,17892.02,-0.2792647897087953,17037.16777583996
2021-10-23 01:00:00,17473.25,-0.3290970748993222,16778.386938653166
2021-10-23 02:00:00,17084.64,-0.36231859835967345,16530.820306693287
2021-10-23 03:00:00,17051.61,-0.5201208347963419,16891.755175000933
2021-10-23 04:00:00,17007.69,-0.44537240701055153,16895.779636724707
2021-10-23 05:00:00,17310.09,-0.4370670261454637,17093.75716754456
2021-10-23 06:00:00,17782.06,-0.45367778787563934,17751.003518569843
2021-10-23 07:00:00,18777.33,-0.45367778787563934,18871.470567916684
2021-10-23 08:00:00,19724.62,-0.4038455026851125,19784.61883176187
2021-10-23 09:00:00,20330.13,-0.32079169403423435,20046.148874636237
2021-10-23 10:00:00,20705.34,-0.21282174278809288,20040.182864950133
2021-10-23 11:00:00,20292.67,-0.16298945759756606,20069.860278691252
2021-10-23 12:00:00,19991.84,-0.06332488721651235,19957.132027092644
2021-10-23 13:00:00,19722.04,-0.021797982891073302,19865.34389287698
2021-10-23 14:00:00,19158.95,-0.055019506351424496,19949.536771178075
2021-10-23 15:00:00,18866.38,-0.07163026808160013,19702.638254475394
2021-10-23 16:00:00,18820.67,-0.10485179154195139,19595.328435701813
2021-10-23 17:00:00,19380.92,-0.18790560019282948,20358.518995965027
2021-10-23 18:00:00,20290.53,-0.17129483846265384,21553.57737976768
2021-10-23 19:00:00,20684.74,-0.17960021932774162,22085.936034650378
2021-10-23 20:00:00,20238.33,-0.22112712365318066,21153.222903362817
2021-10-23 21:00:00,19695.5,-0.2377378853833563,20441.33928425754
2021-10-23 22:00:00,19238.59,-0.32079169403423435,20038.985448564057
2021-10-23 23:00:00,18615.01,-0.3872347409549368,19220.636860376348
2021-10-24 00:00:00,17978.39,-0.45367778787563934,18581.181602959874
2021-10-24 01:00:00,17557.2,-0.3955401218200247,17639.738891972873
2021-10-24 02:00:00,17343.5,-0.3124863131691466,16898.377019747724
2021-10-24 03:00:00,17316.23,-0.2792647897087953,16358.187881893784
2021-10-24 04:00:00,17316.39,-0.22943250451826852,16334.18680886011
2021-10-24 05:00:00,17396.55,-0.24604326624844414,16598.106969102584
2021-10-24 06:00:00,17840.52,-0.24604326624844414,17048.5712595259
2021-10-24 07:00:00,18568.59,-0.4038455026851125,18260.555046249334
2021-10-24 08:00:00,19263.96,-0.16298945759756606,18661.8200006743
2021-10-24 09:00:00,20022.51,-0.038408744621248936,19002.095477269886
2021-10-24 10:00:00,20129.59,0.06125582575980486,19333.534992691562
2021-10-24 11:00:00,19736.7,0.09447734922015597,19356.658543865105
2021-10-24 12:00:00,19189.68,0.21905806219647309,19219.062530625837
2021-10-24 13:00:00,18821.3,0.2688903473870001,19080.630063476743
2021-10-24 14:00:00,18312.25,0.26058496652191215,18931.367436012653
2021-10-24 15:00:00,17959.75,0.2938064899822634,18561.667913917812
2021-10-24 16:00:00,17883.52,0.2356688239266488,18478.4572259037
2021-10-24 17:00:00,18480.32,0.06956120662489264,19258.636973651683
2021-10-24 18:00:00,19523.6,0.06125582575980486,20236.817310468643
2021-10-24 19:00:00,20435.35,-0.1297679341372148,20923.78795537788
2021-10-24 20:00:00,20024.0,-0.030103363756161083,20364.13537065021
2021-10-24 21:00:00,19444.67,-0.15468407673247822,19694.01300898185
2021-10-24 22:00:00,18864.1,-0.17960021932774162,19371.58718252366
2021-10-24 23:00:00,18100.24,-0.3290970748993222,18158.320176563062
2021-10-25 00:00:00,17312.63,-0.4038455026851125,17231.258577052162
2021-10-25 01:00:00,17069.8,-0.2377378853833563,16606.502786024714
2021-10-25 02:00:00,17070.04,-0.37892936008984907,16699.73931554286
2021-10-25 03:00:00,17164.88,-0.295875551438971,16624.450339763025
2021-10-25 04:00:00,17490.53,-0.2377378853833563,16665.311055011967
2021-10-25 05:00:00,17829.93,-0.2792647897087953,16714.1225192066
2021-10-25 06:00:00,18834.91,-0.27095940884370756,17544.004209544895
2021-10-25 07:00:00,20741.69,-0.18790560019282948,18858.285211013117
2021-10-25 08:00:00,22160.01,-0.15468407673247822,20510.73369333254
2021-10-25 09:00:00,22623.18,-0.10485179154195139,20873.439853852065
2021-10-25 10:00:00,22360.5,-0.09654641067686354,21400.11933712967
2021-10-25 11:00:00,22035.36,-0.08824102981177576,20724.794513195
2021-10-25 12:00:00,22008.59,-0.11315717240703917,20991.104417630468
2021-10-25 13:00:00,21817.83,-0.030103363756161083,20644.45450041845
2021-10-25 14:00:00,21502.73,-0.021797982891073302,20595.34618071127
2021-10-25 15:00:00,21145.57,-0.055019506351424496,20391.692716756792
2021-10-25 16:00:00,21033.49,-0.06332488721651235,19819.310285075688
2021-10-25 17:00:00,21841.21,-0.09654641067686354,20659.35869199404
2021-10-25 18:00:00,22949.6,-0.08824102981177576,21400.18170522442
2021-10-25 19:00:00,22928.05,-0.15468407673247822,21939.801173510103
2021-10-25 20:00:00,22254.07,-0.15468407673247822,21546.55634075129
2021-10-25 21:00:00,21407.29,-0.17129483846265384,20770.190669856853
2021-10-25 22:00:00,20494.86,-0.15468407673247822,19491.9513291956
2021-10-25 23:00:00,19497.4,-0.12146255327212702,18501.282149441886
2021-10-26 00:00:00,18529.02,-0.09654641067686354,17412.599925794173
2021-10-26 01:00:00,17958.98,-0.07163026808160013,17285.29304485803
2021-10-26 02:00:00,17692.29,-0.055019506351424496,17206.05801885073
2021-10-26 03:00:00,17551.16,-0.046714125486336716,17408.716149985517
2021-10-26 04:00:00,17467.67,-0.030103363756161083,17761.449985277868
2021-10-26 05:00:00,17605.58,-0.021797982891073302,17703.490883415445
2021-10-26 06:00:00,18377.73,-0.013492602025985451,18684.153763955317
2021-10-26 07:00:00,20227.55,-0.046714125486336716,20033.987852230155
2021-10-26 08:00:00,21368.18,-0.013492602025985451,21175.577448952477
2021-10-26 09:00:00,21596.59,-0.055019506351424496,21810.274030788074
2021-10-26 10:00:00,21314.84,-0.038408744621248936,21728.77994410712
2021-10-26 11:00:00,21239.54,0.011423540569277886,21258.370990351665
2021-10-26 12:00:00,21153.62,0.02803430229945359,20950.357112129986
2021-10-26 13:00:00,20928.2,0.07786658748998042,20423.204038425174
2021-10-26 14:00:00,20435.42,0.20244730046629755,19804.852732579486
2021-10-26 15:00:00,20276.98,0.11939349181541946,19498.334422031636
2021-10-26 16:00:00,20316.42,0.12769887268050722,19561.105124208727
2021-10-26 17:00:00,20871.22,0.15261501527577073,20020.812912751986
2021-10-26 18:00:00,21900.9,0.16922577700594627,21246.8570254197
2021-10-26 19:00:00,22009.96,0.21905806219647309,21573.10405008301
2021-10-26 20:00:00,21306.23,0.2356688239266488,20990.801415891194
2021-10-26 21:00:00,20515.37,0.20244730046629755,20240.83717770049
2021-10-26 22:00:00,19623.48,0.14430963441068295,19446.47201094019
2021-10-26 23:00:00,18702.86,0.11939349181541946,18569.44665154211
2021-10-27 00:00:00,17787.79,0.1027827300852439,17860.317647553034
2021-10-27 01:00:00,17263.64,0.0861719683550682,17480.60547215409
2021-10-27 02:00:00,17096.2,0.019728921434365814,17354.623955927837
2021-10-27 03:00:00,17020.15,-0.021797982891073302,17489.682655590987
2021-10-27 04:00:00,17017.38,-0.030103363756161083,17436.123817022315
2021-10-27 05:00:00,17366.82,-0.021797982891073302,17367.994574845365
2021-10-27 06:00:00,18453.92,-0.055019506351424496,18319.596532878822
2021-10-27 07:00:00,20239.82,-0.07993564894668798,20171.29700816904
2021-10-27 08:00:00,21534.92,-0.005187221160897672,20838.77889143142
2021-10-27 09:00:00,21445.74,0.03633968316454137,20820.870165665267
2021-10-27 10:00:00,20851.11,0.05295044489471693,20557.078301412657
2021-10-27 11:00:00,20402.63,0.21905806219647309,20250.386043743492
2021-10-27 12:00:00,20103.31,0.34363877517279023,19775.548521990444
2021-10-27 13:00:00,19475.12,0.26058496652191215,19734.01474507291
2021-10-27 14:00:00,19226.8,0.3104172517124391,19360.887678487885
2021-10-27 15:00:00,18807.88,0.3270280134426147,19040.027863748663
2021-10-27 16:00:00,18854.04,0.3270280134426147,19283.42882823145
2021-10-27 17:00:00,19504.67,0.26058496652191215,20012.04832868997
2021-10-27 18:00:00,20741.98,0.21075268133138533,21485.09626630372
2021-10-27 19:00:00,21257.35,0.17753115787103405,21979.003795951154
2021-10-27 20:00:00,20952.32,0.06125582575980486,21346.174493059694
2021-10-27 21:00:00,20291.17,0.02803430229945359,20635.870352831687
2021-10-27 22:00:00,19508.85,-0.030103363756161083,19848.82664396638
2021-10-27 23:00:00,18699.59,-0.09654641067686354,18967.78555386849
2021-10-28 00:00:00,17869.01,-0.11315717240703917,18073.96086812538
2021-10-28 01:00:00,17498.3,-0.15468407673247822,17785.30384489736
2021-10-28 02:00:00,17332.76,-0.2045163619230051,17170.443012374966
2021-10-28 03:00:00,17353.94,-0.22112712365318066,16792.251941001028
2021-10-28 04:00:00,17494.95,-0.2792647897087953,17226.68460036886
2021-10-28 05:00:00,17917.31,-0.27095940884370756,17691.29167873875
2021-10-28 06:00:00,18907.17,-0.2377378853833563,18548.281005444765
2021-10-28 07:00:00,20866.58,-0.24604326624844414,20304.267481575505
2021-10-28 08:00:00,22206.2,-0.18790560019282948,21390.406382039757
2021-10-28 09:00:00,22153.17,-0.15468407673247822,21417.161944176078
2021-10-28 10:00:00,21476.23,-0.06332488721651235,21015.80749068419
2021-10-28 11:00:00,20991.58,0.05295044489471693,21046.022955034892
2021-10-28 12:00:00,20435.2,0.12769887268050722,20834.31219742017
2021-10-28 13:00:00,19976.05,0.14430963441068295,20202.31988144275
2021-10-28 14:00:00,19446.98,0.20244730046629755,20191.949037752485
2021-10-28 15:00:00,19101.66,0.21075268133138533,19468.652573636908
2021-10-28 16:00:00,18980.04,0.11939349181541946,19635.233178946724
2021-10-28 17:00:00,19471.23,-0.046714125486336716,20374.934377772777
2021-10-28 18:00:00,20602.74,-0.13807331500230258,21577.243750966376
2021-10-28 19:00:00,21413.14,-0.24604326624844414,22267.89532714727
2021-10-28 20:00:00,21155.98,-0.11315717240703917,21541.75897184258
2021-10-28 21:00:00,20744.9,-0.22112712365318066,20895.6385856087
2021-10-28 22:00:00,20002.41,-0.2792647897087953,20315.835378901884
2021-10-28 23:00:00,19204.44,-0.33740245576441,19430.085771011134
2021-10-29 00:00:00,18430.05,-0.37062397922476126,18665.308183202676
2021-10-29 01:00:00,18031.98,-0.37892936008984907,18096.065831463908
2021-10-29 02:00:00,17948.24,-0.45367778787563934,18073.120487211167
2021-10-29 03:00:00,17948.48,-0.4952046922010784,18100.2904835719
2021-10-29 04:00:00,18117.21,-0.4952046922010784,18022.593548258897
2021-10-29 05:00:00,18557.32,-0.5201208347963419,18505.548743861997
2021-10-29 06:00:00,19615.91,-0.553342358256693,19651.082286548197
2021-10-29 07:00:00,21545.58,-0.5201208347963419,21534.59300196608
2021-10-29 08:00:00,22919.24,-0.32079169403423435,22850.05920720711
2021-10-29 09:00:00,22667.85,-0.16298945759756606,22792.16910036606
2021-10-29 10:00:00,21720.61,-0.021797982891073302,22500.252003552694
2021-10-29 11:00:00,20865.88,0.0861719683550682,21373.71634635019
2021-10-29 12:00:00,20223.34,0.20244730046629755,20852.14182263665
2021-10-29 13:00:00,19625.71,0.2771957282520878,20336.818287986494
2021-10-29 14:00:00,19210.96,0.3602495369029659,19713.179218086218
2021-10-29 15:00:00,18733.46,0.3685549177680537,19147.860684821368
2021-10-29 16:00:00,18612.37,0.3104172517124391,18961.844340825093
2021-10-29 17:00:00,18948.29,0.06956120662489264,20055.18148540778
2021-10-29 18:00:00,19884.29,-0.030103363756161083,21130.69995283499
2021-10-29 19:00:00,20391.23,0.06125582575980486,21150.493859520473
2021-10-29 20:00:00,20026.71,0.05295044489471693,20963.45020292325
2021-10-29 21:00:00,19583.52,-0.038408744621248936,20591.73306293263
2021-10-29 22:00:00,18978.68,-0.12146255327212702,19869.246217593125
2021-10-29 23:00:00,18328.5,-0.18790560019282948,18954.98093133324
2021-10-30 00:00:00,17595.69,-0.25434864711353194,18121.071997111696
2021-10-30 01:00:00,17179.4,-0.295875551438971,17525.825362881777
2021-10-30 02:00:00,17055.34,-0.3872347409549368,17447.51486104536
2021-10-30 03:00:00,17048.96,-0.4038455026851125,17209.202744371156
2021-10-30 04:00:00,17122.15,-0.37062397922476126,17208.143311058593
2021-10-30 05:00:00,17491.91,-0.32079169403423435,17349.547496299856
2021-10-30 06:00:00,18025.5,-0.30418093230405874,17727.242829249473
2021-10-30 07:00:00,18919.55,-0.3124863131691466,18662.131860397883
2021-10-30 08:00:00,19865.34,-0.21282174278809288,19395.513085062248
2021-10-30 09:00:00,20555.94,-0.038408744621248936,19672.75650138228
2021-10-30 10:00:00,20810.58,0.04464506402962915,19727.870706982318
2021-10-30 11:00:00,20777.62,0.12769887268050722,19573.9235560472
2021-10-30 12:00:00,20524.4,0.21075268133138533,19249.05836343535
2021-10-30 13:00:00,20124.59,0.21905806219647309,19042.039904121182
2021-10-30 14:00:00,19756.27,0.3104172517124391,18422.115222157023
2021-10-30 15:00:00,19401.06,0.2938064899822634,18140.5465524383
2021-10-30 16:00:00,19261.8,0.28550110911717563,18010.12244021363
2021-10-30 17:00:00,19726.6,0.22736344306156103,18206.428584313704
2021-10-30 18:00:00,20331.66,0.20244730046629755,18790.71025695784
2021-10-30 19:00:00,20241.06,0.17753115787103405,19323.668966292087
2021-10-30 20:00:00,19604.71,0.15261501527577073,18917.032406209157
2021-10-30 21:00:00,18991.88,0.16922577700594627,18320.12599797946
2021-10-30 22:00:00,18500.58,0.16092039614085848,17766.590607637427
2021-10-30 23:00:00,17747.44,0.16092039614085848,17381.821496050492
2021-10-31 00:00:00,17050.34,0.136004253545595,16726.439328992714
2021-10-31 01:00:00,16714.67,0.06956120662489264,16421.441856796067
2021-10-31 02:00:00,16488.17,0.05295044489471693,16279.668676945048
2021-10-31 03:00:00,16328.69,0.04464506402962915,16323.560492209579
2021-10-31 04:00:00,16354.87,0.02803430229945359,16641.576924570385
2021-10-31 05:00:00,16447.84,0.0031181597041901074,16954.165231582232
2021-10-31 06:00:00,16739.38,0.011423540569277886,17421.248903517804
2021-10-31 07:00:00,17409.17,-0.005187221160897672,17738.21043293472
2021-10-31 08:00:00,18173.28,-0.013492602025985451,18215.399606931816
2021-10-31 09:00:00,19008.1,-0.021797982891073302,18950.48126327488
2021-10-31 10:00:00,19847.56,-0.005187221160897672,19474.982600634765
2021-10-31 11:00:00,20300.24,0.019728921434365814,19698.326252583585
2021-10-31 12:00:00,20530.22,0.05295044489471693,19320.667826470526
2021-10-31 13:00:00,20412.6,0.07786658748998042,18715.602543204004
2021-10-31 14:00:00,20047.52,0.06956120662489264,18287.201328123843
2021-10-31 15:00:00,19770.15,0.11108811095033168,18087.740745732084
2021-10-31 16:00:00,19778.83,0.1027827300852439,18139.649506900805
2021-10-31 17:00:00,20181.97,0.1027827300852439,18601.733726633305
2021-10-31 18:00:00,20560.37,0.16922577700594627,19787.069549761003
2021-10-31 19:00:00,20362.0,0.20244730046629755,20086.099603391216
2021-10-31 20:00:00,19819.78,0.22736344306156103,19609.533284594097
2021-10-31 21:00:00,19245.07,0.2439742047917366,18898.572293199475
2021-10-31 22:00:00,18470.11,0.2356688239266488,18289.60070463438
2021-10-31 23:00:00,17566.84,0.22736344306156103,17500.244916616048
2021-11-01 00:00:00,16803.05,0.19414191960120977,16772.917378205286
2021-11-01 01:00:00,16194.97,0.16922577700594627,16393.733270807636
2021-11-01 02:00:00,15938.52,0.19414191960120977,16293.214417821197
2021-11-01 03:00:00,15936.82,0.16922577700594627,16339.792197373745
2021-11-01 04:00:00,16018.19,0.17753115787103405,16391.49076292766
2021-11-01 05:00:00,16321.23,0.136004253545595,16853.724654004272
2021-11-01 06:00:00,17216.8,-0.021797982891073302,18089.752696532563
2021-11-01 07:00:00,18961.9,-0.10485179154195139,19817.708269816387
2021-11-01 08:00:00,20529.62,-0.08824102981177576,20908.62024890067
2021-11-01 09:00:00,20752.85,-0.038408744621248936,21093.83729168581
2021-11-01 10:00:00,20412.22,0.0031181597041901074,21149.836268622792
2021-11-01 11:00:00,20255.71,0.06125582575980486,21101.935986764613
2021-11-01 12:00:00,20042.13,0.11939349181541946,20666.870621378694
2021-11-01 13:00:00,19751.05,0.21075268133138533,19811.724803122866
2021-11-01 14:00:00,19440.0,0.2688903473870001,20497.384328850323
2021-11-01 15:00:00,19010.99,0.22736344306156103,19442.878300840246
2021-11-01 16:00:00,19036.84,0.15261501527577073,19291.73063355545
2021-11-01 17:00:00,19727.14,0.06956120662489264,19809.10690028114
2021-11-01 18:00:00,21053.29,-0.06332488721651235,21316.514906937136
2021-11-01 19:00:00,21728.73,-0.038408744621248936,21173.78105949578
2021-11-01 20:00:00,21382.76,-0.055019506351424496,20613.276336188344
2021-11-01 21:00:00,20787.74,-0.11315717240703917,20379.990048071584
2021-11-01 22:00:00,19969.07,-0.2045163619230051,19711.836614348256
2021-11-01 23:00:00,19089.03,-0.30418093230405874,18786.43424512559
2021-11-02 00:00:00,18284.58,-0.30418093230405874,17875.66762672532
2021-11-02 01:00:00,17826.16,-0.36231859835967345,17596.9428604666
2021-11-02 02:00:00,17718.55,-0.3955401218200247,17336.746211413214
2021-11-02 03:00:00,17702.44,-0.37892936008984907,17064.09014000132
2021-11-02 04:00:00,17815.44,-0.42876164528037586,17069.793903566188
2021-11-02 05:00:00,18202.98,-0.4204562644152881,17396.7941662021
2021-11-02 06:00:00,19113.39,-0.44537240701055153,18218.79522587403
2021-11-02 07:00:00,21020.39,-0.47859393047090276,20633.470966792833
2021-11-02 08:00:00,22481.3,-0.2875701705738832,21939.465648707024
2021-11-02 09:00:00,22313.85,-0.14637869586739044,21989.625927606434
2021-11-02 10:00:00,21512.14,-0.07993564894668798,21668.148031011093
2021-11-02 11:00:00,20844.74,-0.046714125486336716,21355.376804273954
2021-11-02 12:00:00,20576.54,-0.013492602025985451,20970.389929940422
2021-11-02 13:00:00,20294.32,-0.021797982891073302,21051.50583770627
2021-11-02 14:00:00,20178.02,0.0031181597041901074,20908.024017779506
2021-11-02 15:00:00,19812.05,-0.07163026808160013,21194.577069984167
2021-11-02 16:00:00,19736.64,-0.10485179154195139,20835.228127345694
2021-11-02 17:00:00,20804.73,-0.15468407673247822,21326.67683697492
2021-11-02 18:00:00,22308.79,-0.17960021932774162,22097.335056035907
2021-11-02 19:00:00,22665.03,-0.3290970748993222,23157.058699191104
2021-11-02 20:00:00,22283.48,-0.2875701705738832,22803.561291837974
2021-11-02 21:00:00,21624.34,-0.32079169403423435,21943.988205910588
2021-11-02 22:00:00,20747.41,-0.33740245576441,21013.80043968548
2021-11-02 23:00:00,19865.98,-0.35401321749458564,19692.505393461128
2021-11-03 00:00:00,18935.94,-0.33740245576441,18562.287166177484
2021-11-03 01:00:00,18627.06,-0.37892936008984907,18090.77404465773
2021-11-03 02:00:00,18470.77,-0.3955401218200247,17911.717176740585
2021-11-03 03:00:00,18430.39,-0.37892936008984907,17945.881281550013
2021-11-03 04:00:00,18598.89,-0.4370670261454637,18416.836151548163
2021-11-03 05:00:00,19071.81,-0.44537240701055153,18816.772908229977
2021-11-03 06:00:00,20170.55,-0.5201208347963419,19979.11725480288
2021-11-03 07:00:00,22043.74,-0.5201208347963419,22085.60082260344
2021-11-03 08:00:00,23460.17,-0.37892936008984907,23772.600166113247
2021-11-03 09:00:00,23471.73,-0.37892936008984907,23933.121518383654
2021-11-03 10:00:00,22844.64,-0.2875701705738832,23455.232423183774
2021-11-03 11:00:00,21996.75,-0.2045163619230051,22407.032981140655
2021-11-03 12:00:00,21375.18,-0.19621098105791726,22322.410946648964
2021-11-03 13:00:00,20938.25,-0.17129483846265384,21915.69033067169
2021-11-03 14:00:00,20376.86,-0.22112712365318066,20832.07586687939
2021-11-03 15:00:00,20200.27,-0.22943250451826852,21051.791127181452
2021-11-03 16:00:00,20472.57,-0.27095940884370756,20669.519960097623
2021-11-03 17:00:00,21196.75,-0.4370670261454637,21484.807646223926
2021-11-03 18:00:00,22838.47,-0.42876164528037586,22492.253960483347
2021-11-03 19:00:00,23513.78,-0.48689931133599057,22866.40206500082
2021-11-03 20:00:00,23147.03,-0.5035100730661661,22673.31012534315
2021-11-03 21:00:00,22703.96,-0.7028392138282736,22517.82754982774
2021-11-03 22:00:00,22074.92,-0.6779230712330101,21396.66887307249
2021-11-03 23:00:00,21171.31,-0.6613123095028346,20479.84839157799
2021-11-04 00:00:00,20339.83,-0.810809165074415,20323.972467396037
2021-11-04 01:00:00,20228.72,-0.8274199268045908,20226.25291213086
2021-11-04 02:00:00,20176.65,-0.9104737354554688,19973.801295236597
2021-11-04 03:00:00,20274.54,-0.8938629737252932,19994.35882069382
2021-11-04 04:00:00,20459.99,-0.8689468311300298,19915.67173815651
2021-11-04 05:00:00,20907.82,-0.9270844971856443,20963.674474254916
2021-11-04 06:00:00,22110.06,-0.8274199268045908,21474.813477811065
2021-11-04 07:00:00,24242.25,-0.8938629737252932,24105.422788849097
2021-11-04 08:00:00,25712.94,-0.6945338329631858,26747.515251517212
2021-11-04 09:00:00,25326.72,-0.48689931133599057,25429.97883879269
2021-11-04 10:00:00,24115.46,-0.3872347409549368,24167.06048396528
2021-11-04 11:00:00,23038.59,-0.32079169403423435,23526.602109707568
2021-11-04 12:00:00,22342.4,-0.25434864711353194,23662.991371108354
2021-11-04 13:00:00,21959.84,-0.19621098105791726,22683.479337561108
2021-11-04 14:00:00,21599.38,-0.27095940884370756,21150.7353703735
2021-11-04 15:00:00,21228.74,-0.19621098105791726,22091.414286893858
2021-11-04 16:00:00,21450.91,-0.295875551438971,22634.603164564134
2021-11-04 17:00:00,22264.16,-0.37062397922476126,23139.13850939833
2021-11-04 18:00:00,23773.17,-0.33740245576441,23773.532340031423
2021-11-04 19:00:00,24331.09,-0.37892936008984907,24099.346439925735
2021-11-04 20:00:00,23877.76,-0.44537240701055153,24209.193661527486
2021-11-04 21:00:00,23196.89,-0.6031746434472199,23367.22084938808
2021-11-04 22:00:00,22497.85,-0.6530069286377467,23047.197299670093
2021-11-04 23:00:00,21616.68,-0.769282260748976,22344.47494857824
2021-11-05 00:00:00,20708.98,-0.7111445946933614,20478.8883200329
2021-11-05 01:00:00,20368.96,-0.7028392138282736,20275.424353116294
2021-11-05 02:00:00,20292.19,-0.6779230712330101,20050.044781803626
2021-11-05 03:00:00,20311.21,-0.6363961669075711,19767.024771753888
2021-11-05 04:00:00,20440.52,-0.6280907860424834,19780.03356542812
2021-11-05 05:00:00,20851.04,-0.553342358256693,19880.634189111395
2021-11-05 06:00:00,21861.29,-0.5865638817170443,21095.77190926814
2021-11-05 07:00:00,23544.18,-0.5782585008519565,22879.810960432435
2021-11-05 08:00:00,24860.8,-0.5035100730661661,24553.825269976318
2021-11-05 09:00:00,25056.47,-0.36231859835967345,24164.944899663547
2021-11-05 10:00:00,24471.95,-0.30418093230405874,23518.79683229759
2021-11-05 11:00:00,23181.31,-0.17960021932774162,22606.349728406123
2021-11-05 12:00:00,22221.79,-0.09654641067686354,21873.833013090953
2021-11-05 13:00:00,21423.75,-0.10485179154195139,21802.53752439452
2021-11-05 14:00:00,20839.65,-0.06332488721651235,20855.028104821416
2021-11-05 15:00:00,20300.72,-0.046714125486336716,20682.52745828757
2021-11-05 16:00:00,20307.6,-0.09654641067686354,20520.14464140965
2021-11-05 17:00:00,21053.82,-0.32079169403423435,21388.765553486446
2021-11-05 18:00:00,22197.47,-0.35401321749458564,22624.377612129454
2021-11-05 19:00:00,22573.59,-0.3872347409549368,23055.33469112902
2021-11-05 20:00:00,22183.06,-0.24604326624844414,21830.875467800062
2021-11-05 21:00:00,21629.68,-0.2626540279786197,21139.813753287588
2021-11-05 22:00:00,21221.37,-0.33740245576441,20458.356930853537
2021-11-05 23:00:00,20427.91,-0.5367315965265175,20265.406913643594
2021-11-06 00:00:00,19632.98,-0.553342358256693,19639.39814709426
2021-11-06 01:00:00,19184.5,-0.5865638817170443,19273.931950828566
2021-11-06 02:00:00,19049.2,-0.6197854051773956,19134.016072193874
2021-11-06 03:00:00,19102.51,-0.6530069286377467,19246.26445154241
2021-11-06 04:00:00,19249.58,-0.644701547772659,19325.570887804115
2021-11-06 05:00:00,19556.55,-0.6280907860424834,19458.068281287073
2021-11-06 06:00:00,20195.26,-0.6197854051773956,19846.855934420015
2021-11-06 07:00:00,21175.99,-0.5699531199868686,20227.258512184395
2021-11-06 08:00:00,22253.22,-0.44537240701055153,21449.990326939547
2021-11-06 09:00:00,22677.1,-0.2377378853833563,21775.187286964552
2021-11-06 10:00:00,22445.21,-0.07163026808160013,21521.193055863554
2021-11-06 11:00:00,21651.1,0.04464506402962915,20519.81541433313
2021-11-06 12:00:00,21178.82,0.136004253545595,19830.30831238433
2021-11-06 13:00:00,20464.56,0.136004253545595,19285.061975839817
2021-11-06 14:00:00,19725.12,0.16092039614085848,18687.425605300643
2021-11-06 15:00:00,19169.92,0.15261501527577073,18689.40341857175
2021-11-06 16:00:00,19013.12,0.05295044489471693,18757.248550315624
2021-11-06 17:00:00,19555.4,-0.21282174278809288,19695.409053863903
2021-11-06 18:00:00,20657.18,-0.13807331500230258,20508.190930683453
2021-11-06 19:00:00,21173.85,-0.14637869586739044,20935.542374192184
2021-11-06 20:00:00,20710.3,-0.2792647897087953,20981.143318632578
2021-11-06 21:00:00,20423.92,-0.25434864711353194,20333.78805578696
2021-11-06 22:00:00,20060.22,-0.22112712365318066,19683.984454721845
2021-11-06 23:00:00,19636.79,-0.2377378853833563,18892.754925763915
2021-11-07 00:00:00,19135.05,-0.3124863131691466,18447.924952817422
2021-11-07 01:00:00,18793.52,-0.33740245576441,17771.22449374292
2021-11-07 02:00:00,18785.49,-0.5118154539312539,17997.129536070133
2021-11-07 03:00:00,18933.77,-0.3955401218200247,17897.817290607072
2021-11-07 04:00:00,19100.0,-0.46198316874072715,18077.18115029711
2021-11-07 05:00:00,19405.38,-0.5284262156614296,18474.661595274512
2021-11-07 06:00:00,20171.0,-0.5284262156614296,19018.03216024261
2021-11-07 07:00:00,21099.78,-0.5616477391217809,19729.417792615146
2021-11-07 08:00:00,21661.9,-0.4370670261454637,20726.80527468065
2021-11-07 09:00:00,21567.32,-0.22112712365318066,20711.870769101173
2021-11-07 10:00:00,21188.26,-0.013492602025985451,20692.090000796386
2021-11-07 11:00:00,20440.34,0.06956120662489264,20764.161165308065
2021-11-07 12:00:00,19899.24,0.19414191960120977,20100.963612068037
2021-11-07 13:00:00,19302.34,0.2938064899822634,19136.107548164047
2021-11-07 14:00:00,18736.91,0.3851656794982293,18380.181861681824
2021-11-07 15:00:00,18602.33,0.35194415603787815,18111.332382971585
2021-11-07 16:00:00,18933.19,0.3270280134426147,18154.83430275027
2021-11-07 17:00:00,20307.07,0.22736344306156103,18874.37271428718
2021-11-07 18:00:00,21329.84,0.19414191960120977,20147.675621609644
2021-11-07 19:00:00,21017.73,0.17753115787103405,21019.678447932023
2021-11-07 20:00:00,20340.59,0.12769887268050722,20620.465738869956
2021-11-07 21:00:00,19646.37,0.0031181597041901074,20372.645658846308
2021-11-07 22:00:00,18874.14,-0.021797982891073302,19947.030077900177
2021-11-07 23:00:00,18100.39,-0.021797982891073302,19084.87123047533
2021-11-08 00:00:00,17498.62,-0.10485179154195139,18455.198840239034
2021-11-08 01:00:00,17213.39,-0.15468407673247822,17997.343721371846
2021-11-08 02:00:00,17050.12,0.0031181597041901074,17591.192404265043
2021-11-08 03:00:00,17003.02,-0.013492602025985451,18034.494730250888
2021-11-08 04:00:00,17079.12,0.02803430229945359,18020.692205703024
2021-11-08 05:00:00,17502.61,0.019728921434365814,18118.74450641436
2021-11-08 06:00:00,18511.12,0.019728921434365814,19302.009062142308
2021-11-08 07:00:00,20209.08,0.06125582575980486,20407.340272408106
2021-11-08 08:00:00,21453.79,0.06956120662489264,20312.190608601006
2021-11-08 09:00:00,21419.64,0.136004253545595,20843.623930893464
2021-11-08 10:00:00,20818.05,0.22736344306156103,21104.119619918845
2021-11-08 11:00:00,20294.25,0.3021118708473512,20528.131899802887
2021-11-08 12:00:00,19988.25,0.3934710603633172,20251.063466207263
2021-11-08 13:00:00,19504.84,0.4599141072840196,19586.890122551333
2021-11-08 14:00:00,19192.01,0.5014410116094586,19194.70175422681
2021-11-08 15:00:00,18867.62,0.5263571542047221,18867.469213226614
2021-11-08 16:00:00,19283.93,0.4183872029585805,19242.47073961992
2021-11-08 17:00:00,20544.33,0.31872263257752687,20015.383110098555
2021-11-08 18:00:00,21666.49,0.2356688239266488,21553.988084341545
2021-11-08 19:00:00,21469.6,0.185836538736122,21470.591693172897
2021-11-08 20:00:00,20849.54,0.11939349181541946,20710.629166321956
2021-11-08 21:00:00,20157.86,0.02803430229945359,20154.204000906633
2021-11-08 22:00:00,19355.06,-0.06332488721651235,19500.769202556567
2021-11-08 23:00:00,18499.3,-0.14637869586739044,18717.073090444035
2021-11-09 00:00:00,17747.79,-0.13807331500230258,17884.930506774657
2021-11-09 01:00:00,17349.52,-0.15468407673247822,17726.483388185
2021-11-09 02:00:00,17246.57,-0.17960021932774162,17684.95398138362
2021-11-09 03:00:00,17095.4,-0.09654641067686354,17557.42006591792
2021-11-09 04:00:00,17270.15,0.06125582575980486,17352.136628077522
2021-11-09 05:00:00,17464.41,0.0861719683550682,17663.270058233473
2021-11-09 06:00:00,18407.56,0.03633968316454137,18649.468192025437
2021-11-09 07:00:00,19888.7,0.019728921434365814,20484.89548208966
2021-11-09 08:00:00,20927.31,0.06125582575980486,20977.957400756288
2021-11-09 09:00:00,20741.28,0.136004253545595,21098.742109527615
2021-11-09 10:00:00,20145.53,0.25227958565682435,20861.534793834457
2021-11-09 11:00:00,19703.32,0.3934710603633172,20097.829721714894
2021-11-09 12:00:00,19236.58,0.4599141072840196,19798.817772737064
2021-11-09 13:00:00,18882.87,0.5429679159348977,19278.73827917051
2021-11-09 14:00:00,18419.8,0.5512732967999855,19226.246499383138
2021-11-09 15:00:00,18389.66,0.3851656794982293,19134.488682877207
2021-11-09 16:00:00,18777.45,0.3021118708473512,19673.817499604684
2021-11-09 17:00:00,20118.73,0.25227958565682435,20697.916657665584
2021-11-09 18:00:00,21406.67,0.25227958565682435,21883.062264888504
2021-11-09 19:00:00,21153.7,0.21075268133138533,21593.475644459562
2021-11-09 20:00:00,20733.53,0.16092039614085848,20975.64106322679
2021-11-09 21:00:00,20068.05,0.0861719683550682,20371.55718824141
2021-11-09 22:00:00,19271.31,0.1027827300852439,19530.665044438963
2021-11-09 23:00:00,18414.65,-0.021797982891073302,18699.15726399522
2021-11-10 00:00:00,17647.61,-0.08824102981177576,17900.71383965411
2021-11-10 01:00:00,17389.58,-0.09654641067686354,17424.556518036574
2021-11-10 02:00:00,17260.76,-0.2045163619230051,17335.413685899795
2021-11-10 03:00:00,17289.44,-0.17960021932774162,17347.568346392945
2021-11-10 04:00:00,17464.7,-0.22943250451826852,17694.141943892955
2021-11-10 05:00:00,17962.29,-0.27095940884370756,18141.272986236832
2021-11-10 06:00:00,19139.58,-0.3290970748993222,19554.14441530629
2021-11-10 07:00:00,21143.3,-0.4952046922010784,21939.266875020126
2021-11-10 08:00:00,22295.48,-0.36231859835967345,22559.688630738776
2021-11-10 09:00:00,21915.42,-0.046714125486336716,21420.775171081936
2021-11-10 10:00:00,20862.68,0.06956120662489264,21059.486898586096
2021-11-10 11:00:00,20305.03,0.17753115787103405,20303.589941735096
2021-11-10 12:00:00,19818.76,0.25227958565682435,19626.915016886567
2021-11-10 13:00:00,19420.75,0.2938064899822634,19342.311464824546
2021-11-10 14:00:00,19247.98,0.2938064899822634,18593.167743375812
2021-11-10 15:00:00,19130.81,0.2938064899822634,18699.804271097575
2021-11-10 16:00:00,19442.39,0.21905806219647309,19061.86007365167
2021-11-10 17:00:00,20869.22,0.011423540569277886,20232.696319481387
2021-11-10 18:00:00,22126.77,-0.046714125486336716,21710.556592002238
2021-11-10 19:00:00,21924.51,-0.11315717240703917,21855.695822839403
2021-11-10 20:00:00,21597.33,-0.17129483846265384,21564.829579279478
2021-11-10 21:00:00,21148.03,-0.19621098105791726,20858.60113405754
2021-11-10 22:00:00,20437.54,-0.37892936008984907,20772.125288585048
2021-11-10 23:00:00,19785.01,-0.37892936008984907,19740.60486056119
2021-11-11 00:00:00,19055.78,-0.5699531199868686,18695.939885722848
2021-11-11 01:00:00,18877.6,-0.5367315965265175,18449.31186136029
2021-11-11 02:00:00,19012.55,-0.47859393047090276,18071.226958004994
2021-11-11 03:00:00,19144.29,-0.7028392138282736,18544.67525221592
2021-11-11 04:00:00,19366.5,-0.644701547772659,18671.11338802526
2021-11-11 05:00:00,19961.58,-0.6696176903679224,19225.12910264355
2021-11-11 06:00:00,21174.2,-0.7028392138282736,20347.992115796453
2021-11-11 07:00:00,23148.88,-0.644701547772659,22204.540054831796
2021-11-11 08:00:00,24086.32,-0.5201208347963419,23785.45404878645
2021-11-11 09:00:00,23246.18,-0.3124863131691466,23492.729284765577
2021-11-11 10:00:00,22198.13,-0.25434864711353194,22715.75328752013
2021-11-11 11:00:00,21512.65,-0.19621098105791726,22092.671537994796
2021-11-11 12:00:00,21089.48,-0.10485179154195139,21222.141115521692
2021-11-11 13:00:00,20696.35,-0.06332488721651235,21319.91344446219
2021-11-11 14:00:00,20497.95,-0.038408744621248936,20746.64463573296
2021-11-11 15:00:00,20475.1,-0.038408744621248936,20918.045921494235
2021-11-11 16:00:00,21221.54,-0.07993564894668798,20920.981955435076
2021-11-11 17:00:00,22695.43,-0.11315717240703917,21481.952345373607
2021-11-11 18:00:00,23624.09,-0.10485179154195139,23096.060514839843
2021-11-11 19:00:00,23316.22,-0.09654641067686354,22728.314891039725
2021-11-11 20:00:00,22738.05,-0.07163026808160013,22176.100659047428
2021-11-11 21:00:00,22169.35,-0.16298945759756606,21760.409480097616
2021-11-11 22:00:00,21358.39,-0.16298945759756606,20481.95423599043
2021-11-11 23:00:00,20367.4,-0.22943250451826852,19815.085221533915
2021-11-12 00:00:00,19439.86,-0.005187221160897672,18542.80903409407
2021-11-12 01:00:00,18985.37,-0.10485179154195139,18503.22105812072
2021-11-12 02:00:00,18583.21,0.06125582575980486,18467.24088894006
2021-11-12 03:00:00,18480.56,0.05295044489471693,18293.895197640595
2021-11-12 04:00:00,18426.84,0.11108811095033168,18239.30714676443
2021-11-12 05:00:00,18772.26,0.11108811095033168,18548.316960847307
2021-11-12 06:00:00,19650.43,0.185836538736122,19370.063564897577
2021-11-12 07:00:00,21236.27,0.21075268133138533,20321.210092336478
2021-11-12 08:00:00,22376.54,0.136004253545595,21283.93326573626
2021-11-12 09:00:00,22778.32,0.11108811095033168,21848.528752584993
2021-11-12 10:00:00,22859.65,0.11939349181541946,21565.891879836432
2021-11-12 11:00:00,22976.77,0.1027827300852439,21000.68392835262
2021-11-12 12:00:00,22977.41,0.0861719683550682,20567.67166235396
2021-11-12 13:00:00,22680.66,0.12769887268050722,20293.784550823246
2021-11-12 14:00:00,22344.02,0.12769887268050722,19858.31025377389
2021-11-12 15:00:00,22045.92,0.16922577700594627,19012.216604716854
2021-11-12 16:00:00,22042.44,0.15261501527577073,19592.088217061922
2021-11-12 17:00:00,22637.19,0.136004253545595,20443.513441322328
2021-11-12 18:00:00,23231.92,0.05295044489471693,21346.232471499978
2021-11-12 19:00:00,22693.65,0.05295044489471693,20833.012864686323
2021-11-12 20:00:00,22060.52,0.019728921434365814,20332.15230836456
2021-11-12 21:00:00,21429.11,-0.055019506351424496,19683.513293263368
2021-11-12 22:00:00,20795.35,-0.07163026808160013,18927.60889672547
2021-11-12 23:00:00,19969.52,-0.16298945759756606,18411.738698349152
2021-11-13 00:00:00,19227.36,-0.30418093230405874,18447.80624864887
2021-11-13 01:00:00,18653.91,-0.2377378853833563,18070.541846825217
2021-11-13 02:00:00,18487.32,-0.46198316874072715,18592.84087136782
2021-11-13 03:00:00,18406.13,-0.33740245576441,18409.53259863421
2021-11-13 04:00:00,18430.02,-0.3457078366294978,18563.09226437012
2021-11-13 05:00:00,18702.24,-0.35401321749458564,18937.433402026672
2021-11-13 06:00:00,19161.5,-0.3290970748993222,19339.137944879953
2021-11-13 07:00:00,19954.97,-0.32079169403423435,20135.8372026306
2021-11-13 08:00:00,20786.45,-0.21282174278809288,19943.739629365926
2021-11-13 09:00:00,21533.57,-0.14637869586739044,20752.330598081167
2021-11-13 10:00:00,21680.39,-0.15468407673247822,20959.27932845823
2021-11-13 11:00:00,21626.37,-0.11315717240703917,20858.90618995454
2021-11-13 12:00:00,21613.82,-0.013492602025985451,20759.839680884725
2021-11-13 13:00:00,21364.3,0.0031181597041901074,20166.761080033128
2021-11-13 14:00:00,21230.22,-0.055019506351424496,20635.798185760555
2021-11-13 15:00:00,21232.26,-0.14637869586739044,20240.204797734892
2021-11-13 16:00:00,21478.99,-0.18790560019282948,20171.827050664982
2021-11-13 17:00:00,22216.88,-0.25434864711353194,21766.98460289843
2021-11-13 18:00:00,22748.24,-0.27095940884370756,22113.57812169893
2021-11-13 19:00:00,22139.29,-0.25434864711353194,22056.781834230293
2021-11-13 20:00:00,21461.75,-0.295875551438971,21572.74743244108
2021-11-13 21:00:00,21055.93,-0.3290970748993222,20920.339347519046
2021-11-13 22:00:00,20500.92,-0.3124863131691466,20409.848283005384
2021-11-13 23:00:00,19939.74,-0.36231859835967345,19776.688822927696
2021-11-14 00:00:00,19391.03,-0.44537240701055153,19488.99717573162
2021-11-14 01:00:00,19002.9,-0.48689931133599057,19393.32041072345
2021-11-14 02:00:00,18947.8,-0.42876164528037586,18807.045658492072
2021-11-14 03:00:00,19062.45,-0.3457078366294978,18511.369491722304
2021-11-14 04:00:00,19107.19,-0.33740245576441,18709.352998937968
2021-11-14 05:00:00,19389.36,-0.36231859835967345,19091.305762124728
2021-11-14 06:00:00,19825.2,-0.4038455026851125,19893.20000157985
2021-11-14 07:00:00,20673.43,-0.5118154539312539,20615.495416877216
2021-11-14 08:00:00,21422.57,-0.48689931133599057,21717.62256142496
2021-11-14 09:00:00,21808.14,-0.4121508835502003,22497.001310750802
2021-11-14 10:00:00,21923.02,-0.37892936008984907,22329.142650986912
2021-11-14 11:00:00,21730.49,-0.295875551438971,22102.18795762066
2021-11-14 12:00:00,21576.93,-0.2626540279786197,21968.56480580277
2021-11-14 13:00:00,21202.09,-0.27095940884370756,21530.89339397798
2021-11-14 14:00:00,20898.89,-0.17960021932774162,20924.364416768243
2021-11-14 15:00:00,20878.95,-0.22112712365318066,20791.030766915548
2021-11-14 16:00:00,21426.89,-0.295875551438971,21494.16709823676
2021-11-14 17:00:00,22927.44,-0.22943250451826852,21883.33117520207
2021-11-14 18:00:00,23790.92,-0.33740245576441,23055.385174371553
2021-11-14 19:00:00,23602.78,-0.22943250451826852,22560.088047484955
2021-11-14 20:00:00,22907.95,-0.2377378853833563,21897.024373097815
2021-11-14 21:00:00,22181.73,-0.3290970748993222,21509.203554913132
2021-11-14 22:00:00,21568.68,-0.3955401218200247,21174.828661840515
2021-11-14 23:00:00,20815.26,-0.3955401218200247,20467.92089480937
2021-11-15 00:00:00,20200.48,-0.3955401218200247,19695.05320004455
2021-11-15 01:00:00,19932.66,-0.44537240701055153,19536.51029339853
2021-11-15 02:00:00,20011.43,-0.45367778787563934,19333.874024433157
2021-11-15 03:00:00,19971.16,-0.4370670261454637,19580.24460893715
2021-11-15 04:00:00,20128.92,-0.45367778787563934,20061.35028688261
2021-11-15 05:00:00,20561.57,-0.3955401218200247,19941.992259586666
2021-11-15 06:00:00,21563.43,-0.3872347409549368,20804.362177762585
2021-11-15 07:00:00,23366.57,-0.4370670261454637,22905.538911644264
2021-11-15 08:00:00,24565.6,-0.4370670261454637,23840.708676981383
2021-11-15 09:00:00,24654.61,-0.4370670261454637,24616.504960975675
2021-11-15 10:00:00,24056.37,-0.4204562644152881,23569.698612901255
2021-11-15 11:00:00,23795.22,-0.47859393047090276,23301.431881825833
2021-11-15 12:00:00,23780.25,-0.42876164528037586,23135.69141937616
2021-11-15 13:00:00,23518.82,-0.36231859835967345,22806.37084090913
2021-11-15 14:00:00,23340.54,-0.33740245576441,22330.99811558932
2021-11-15 15:00:00,23320.03,-0.33740245576441,21852.97977821583
2021-11-15 16:00:00,23616.71,-0.35401321749458564,22496.869984237936
2021-11-15 17:00:00,24869.1,-0.4121508835502003,24152.828556952267
2021-11-15 18:00:00,25544.28,-0.46198316874072715,25331.83827419827
2021-11-15 19:00:00,25045.72,-0.47859393047090276,25382.259701736908
2021-11-15 20:00:00,24402.96,-0.5201208347963419,24423.78991215495
2021-11-15 21:00:00,23675.05,-0.5699531199868686,23579.707949042782
2021-11-15 22:00:00,22868.39,-0.5616477391217809,22650.812284587453
2021-11-15 23:00:00,21984.87,-0.553342358256693,21749.992608751974
2021-11-16 00:00:00,21085.35,-0.594869262582132,21262.37609049517
2021-11-16 01:00:00,20540.26,-0.5865638817170443,20810.40417593275
2021-11-16 02:00:00,20476.75,-0.644701547772659,21713.96292597696
2021-11-16 03:00:00,20398.61,-0.5699531199868686,21130.809714718573
2021-11-16 04:00:00,20612.71,-0.5699531199868686,21072.428578480653
2021-11-16 05:00:00,21048.49,-0.5284262156614296,21448.893446709153
2021-11-16 06:00:00,22074.9,-0.5450369773916052,22421.678286448707
2021-11-16 07:00:00,23961.9,-0.553342358256693,24201.110012219207
2021-11-16 08:00:00,25024.33,-0.553342358256693,26025.68023474614
2021-11-16 09:00:00,25022.17,-0.5284262156614296,25919.53019439045
2021-11-16 10:00:00,24552.06,-0.5201208347963419,25257.667588339755
2021-11-16 11:00:00,24369.7,-0.5035100730661661,24599.45707309369
2021-11-16 12:00:00,24393.38,-0.6114800243123076,24763.049229312594
2021-11-16 13:00:00,23741.45,-0.5201208347963419,23996.881884498336
2021-11-16 14:00:00,23302.61,-0.45367778787563934,23525.668093402146
2021-11-16 15:00:00,23116.51,-0.48689931133599057,23508.46427473488
2021-11-16 16:00:00,23716.24,-0.5284262156614296,23437.213111721543
2021-11-16 17:00:00,25378.57,-0.6114800243123076,24838.308219160062
2021-11-16 18:00:00,26398.61,-0.6779230712330101,25774.718646413163
2021-11-16 19:00:00,26083.93,-0.6696176903679224,25581.44407569512
2021-11-16 20:00:00,25685.42,-0.6945338329631858,25090.497126777627
2021-11-16 21:00:00,25015.92,-0.7443661181537127,24460.09659299955
2021-11-16 22:00:00,24274.56,-0.7609768798838882,23494.160351172537
2021-11-16 23:00:00,23297.91,-0.8689468311300298,23117.92286236681
2021-11-17 00:00:00,22291.82,-0.8523360693998542,22204.420177120523
2021-11-17 01:00:00,21928.1,-0.8440306885347663,22133.134647797386
2021-11-17 02:00:00,21814.88,-0.8274199268045908,21624.734294180947
2021-11-17 03:00:00,21958.6,-0.8772522119951176,22599.579326794264
2021-11-17 04:00:00,22349.84,-0.8772522119951176,22757.20825470209
2021-11-17 05:00:00,22915.77,-1.0018329249714346,23712.519225531705
2021-11-17 06:00:00,24263.09,-0.9935275441063469,24887.42838321548
2021-11-17 07:00:00,26129.1,-1.0101383058365225,27115.581425166594
2021-11-17 08:00:00,27026.91,-0.8357253076696786,28551.5660741455
2021-11-17 09:00:00,26243.8,-0.6779230712330101,27903.844105595224
2021-11-17 10:00:00,25326.09,-0.6197854051773956,26459.15076536644
2021-11-17 11:00:00,24882.68,-0.6114800243123076,25740.485539493493
2021-11-17 12:00:00,25081.91,-0.5865638817170443,25122.752217668665
2021-11-17 13:00:00,24912.08,-0.5367315965265175,24748.33203778521
2021-11-17 14:00:00,25198.05,-0.5201208347963419,24693.48834643006
2021-11-17 15:00:00,25288.34,-0.5367315965265175,24303.512224404596
2021-11-17 16:00:00,25821.82,-0.5616477391217809,24866.503620614207
2021-11-17 17:00:00,26822.01,-0.5616477391217809,25794.737339231822
2021-11-17 18:00:00,27334.1,-0.5450369773916052,26982.56080289021
2021-11-17 19:00:00,26778.28,-0.4952046922010784,26503.744889165533
2021-11-17 20:00:00,26187.45,-0.5699531199868686,26670.112398928333
2021-11-17 21:00:00,25324.35,-0.5782585008519565,25754.110002197074
2021-11-17 22:00:00,24399.65,-0.5699531199868686,24809.06399204191
2021-11-17 23:00:00,23331.1,-0.5367315965265175,23225.105942456248
2021-11-18 00:00:00,22414.24,-0.5367315965265175,21956.23831867039
2021-11-18 01:00:00,21814.68,-0.5035100730661661,21175.228949061388
2021-11-18 02:00:00,21415.96,-0.4702885496058149,20884.699821527945
2021-11-18 03:00:00,21121.03,-0.46198316874072715,20400.704511841035
2021-11-18 04:00:00,21213.45,-0.4370670261454637,20799.331078192226
2021-11-18 05:00:00,21453.93,-0.4370670261454637,21103.113481294782
2021-11-18 06:00:00,22350.15,-0.4038455026851125,22127.889778343222
2021-11-18 07:00:00,23905.69,-0.3872347409549368,23768.174791638983
2021-11-18 08:00:00,24914.55,-0.32079169403423435,24636.110046509115
2021-11-18 09:00:00,24853.62,-0.24604326624844414,23927.872052264698
2021-11-18 10:00:00,24695.5,-0.17960021932774162,23401.946299196312
2021-11-18 11:00:00,24784.52,-0.24604326624844414,23478.807642775184
2021-11-18 12:00:00,24158.77,-0.22943250451826852,23186.9049273548
2021-11-18 13:00:00,23814.92,-0.1297679341372148,22616.76694149546
2021-11-18 14:00:00,23272.81,-0.10485179154195139,21823.824998112505
2021-11-18 15:00:00,23224.17,-0.07993564894668798,22356.124843599053
2021-11-18 16:00:00,23666.73,-0.10485179154195139,22623.09752606521
2021-11-18 17:00:00,24547.79,-0.15468407673247822,24239.959556151498
2021-11-18 18:00:00,24954.92,-0.14637869586739044,24663.138951957746
2021-11-18 19:00:00,24621.14,-0.15468407673247822,24439.49031716379
2021-11-18 20:00:00,24136.67,-0.17129483846265384,23625.10472631831
2021-11-18 21:00:00,23381.6,-0.17960021932774162,23033.67424166766
2021-11-18 22:00:00,22640.59,-0.24604326624844414,22584.3608953188
2021-11-18 23:00:00,21547.48,-0.3124863131691466,21563.808140797213
2021-11-19 00:00:00,20918.45,-0.3955401218200247,20765.498095226318
2021-11-19 01:00:00,20496.32,-0.48689931133599057,20119.092895603233
2021-11-19 02:00:00,20263.3,-0.553342358256693,20458.766401146106
2021-11-19 03:00:00,20213.83,-0.5699531199868686,20567.200924030392
2021-11-19 04:00:00,20442.19,-0.5367315965265175,20428.66067989708
2021-11-19 05:00:00,20678.67,-0.553342358256693,20845.18457557997
2021-11-19 06:00:00,21787.86,-0.5616477391217809,21812.442123350065
2021-11-19 07:00:00,23573.01,-0.5782585008519565,23491.21740415486
2021-11-19 08:00:00,24802.78,-0.5367315965265175,24500.53109646084
2021-11-19 09:00:00,24895.33,-0.5118154539312539,24344.245316796692
2021-11-19 10:00:00,24695.3,-0.4370670261454637,24095.505005866962
2021-11-19 11:00:00,24045.72,-0.3955401218200247,23685.769369248766
2021-11-19 12:00:00,23988.89,-0.37892936008984907,23028.6946784115
2021-11-19 13:00:00,23528.19,-0.35401321749458564,23171.251799990274
2021-11-19 14:00:00,23103.32,-0.33740245576441,22560.668677277787
2021-11-19 15:00:00,22900.12,-0.37062397922476126,23168.321686403724
2021-11-19 16:00:00,23549.19,-0.553342358256693,23934.91637424995
2021-11-19 17:00:00,24975.97,-0.5201208347963419,24821.662735052178
2021-11-19 18:00:00,25574.43,-0.5118154539312539,25282.517149838543
2021-11-19 19:00:00,25184.46,-0.5367315965265175,24984.198802290466
2021-11-19 20:00:00,24697.47,-0.5782585008519565,24458.327388063906
2021-11-19 21:00:00,24243.51,-0.644701547772659,23936.01163313024
2021-11-19 22:00:00,23245.8,-0.644701547772659,23191.026217759165
2021-11-19 23:00:00,22625.57,-0.7028392138282736,22526.42199298083
2021-11-20 00:00:00,22181.39,-0.7360607372886249,22155.127118051892
2021-11-20 01:00:00,21806.17,-0.7858930224791517,21788.92049670199
2021-11-20 02:00:00,21753.45,-0.819114545939503,21226.534202697643
2021-11-20 03:00:00,21796.83,-0.8523360693998542,21070.149536195997
2021-11-20 04:00:00,21944.42,-0.8606414502649419,21522.963659908826
2021-11-20 05:00:00,22242.63,-0.9187791163205566,21900.348435287528
2021-11-20 06:00:00,22976.96,-0.9270844971856443,22681.760765662002
2021-11-20 07:00:00,23904.41,-0.9935275441063469,24271.549468263558
2021-11-20 08:00:00,24740.96,-0.8606414502649419,24918.141914622815
2021-11-20 09:00:00,24380.57,-0.6530069286377467,24639.82057701004
2021-11-20 10:00:00,24054.09,-0.4952046922010784,24450.970059566156
2021-11-20 11:00:00,23566.28,-0.44537240701055153,24013.767013864
2021-11-20 12:00:00,22815.52,-0.37062397922476126,23858.443394402697
2021-11-20 13:00:00,22299.28,-0.32079169403423435,23311.64408445213
2021-11-20 14:00:00,22043.58,-0.27095940884370756,22561.302876018268
2021-11-20 15:00:00,21880.06,-0.3457078366294978,22776.03444677377
2021-11-20 16:00:00,22867.19,-0.37062397922476126,22937.19508749733
2021-11-20 17:00:00,24230.15,-0.3872347409549368,24224.110893531015
2021-11-20 18:00:00,24744.74,-0.3872347409549368,24592.186755677056
2021-11-20 19:00:00,24269.18,-0.37892936008984907,24352.973312589977
2021-11-20 20:00:00,23705.64,-0.4121508835502003,23792.352558839957
2021-11-20 21:00:00,23225.78,-0.4370670261454637,23327.521096504403
2021-11-20 22:00:00,22691.96,-0.4204562644152881,22594.392890669184
2021-11-20 23:00:00,22122.25,-0.37892936008984907,21858.80744727671
2021-11-21 00:00:00,21468.8,-0.37892936008984907,21190.304814434232
2021-11-21 01:00:00,20973.33,-0.3872347409549368,20503.052339563124
2021-11-21 02:00:00,20595.36,-0.3872347409549368,20012.504366969984
2021-11-21 03:00:00,20592.78,-0.4370670261454637,20042.024980415354
2021-11-21 04:00:00,20658.96,-0.44537240701055153,20190.13373956661
2021-11-21 05:00:00,20878.42,-0.47859393047090276,20175.37937345
2021-11-21 06:00:00,21274.01,-0.4702885496058149,20774.8391636984
2021-11-21 07:00:00,21887.54,-0.46198316874072715,20803.07344470356
2021-11-21 08:00:00,22519.95,-0.42876164528037586,21360.688376890612
2021-11-21 09:00:00,23090.97,-0.4121508835502003,22054.892222379538
2021-11-21 10:00:00,23322.8,-0.37892936008984907,22622.128453793524
2021-11-21 11:00:00,23376.61,-0.3290970748993222,22464.961403447665
2021-11-21 12:00:00,23396.52,-0.295875551438971,21852.498765460663
2021-11-21 13:00:00,23206.7,-0.2377378853833563,21673.53480277604
2021-11-21 14:00:00,22560.05,-0.1297679341372148,20473.417573813065
2021-11-21 15:00:00,22075.12,-0.11315717240703917,20733.09957276668
2021-11-21 16:00:00,22406.87,-0.21282174278809288,21550.813706111163
2021-11-21 17:00:00,23921.76,-0.2377378853833563,23337.11437528306
2021-11-21 18:00:00,24604.82,-0.24604326624844414,24112.28483815206
2021-11-21 19:00:00,24211.81,-0.2626540279786197,23806.075068865888
2021-11-21 20:00:00,23534.49,-0.22943250451826852,23149.968559352787
2021-11-21 21:00:00,22878.89,-0.32079169403423435,22531.308380202616
2021-11-21 22:00:00,22187.46,-0.30418093230405874,21729.93204124249
2021-11-21 23:00:00,21333.19,-0.27095940884370756,20892.79978381535
2021-11-22 00:00:00,20525.67,-0.2626540279786197,20305.126856406405
2021-11-22 01:00:00,20172.61,-0.19621098105791726,19763.788451487162
2021-11-22 02:00:00,19919.22,-0.16298945759756606,19194.53805464063
2021-11-22 03:00:00,19909.07,-0.17960021932774162,19331.351216348776
2021-11-22 04:00:00,19871.3,-0.15468407673247822,19342.335417968014
2021-11-22 05:00:00,20217.52,-0.08824102981177576,19454.091682610815
2021-11-22 06:00:00,21161.81,-0.08824102981177576,20243.684210985928
2021-11-22 07:00:00,22807.86,-0.18790560019282948,22177.941738153077
2021-11-22 08:00:00,24035.28,-0.47859393047090276,24483.024473897916
2021-11-22 09:00:00,24327.29,-0.3955401218200247,24301.844682564515
2021-11-22 10:00:00,23981.46,-0.46198316874072715,24369.608658055753
2021-11-22 11:00:00,23783.09,-0.3955401218200247,23882.75434148244
2021-11-22 12:00:00,23627.57,-0.35401321749458564,23874.514899519123
2021-11-22 13:00:00,23033.56,-0.35401321749458564,23394.12452113637
2021-11-22 14:00:00,22941.59,-0.3872347409549368,23409.759762360478
2021-11-22 15:00:00,23001.26,-0.3872347409549368,22871.349270524468
2021-11-22 16:00:00,23658.08,-0.47859393047090276,22975.440656812196
2021-11-22 17:00:00,25409.04,-0.5201208347963419,24426.46767676897
2021-11-22 18:00:00,26335.92,-0.6031746434472199,25385.3557646755
2021-11-22 19:00:00,26148.25,-0.6114800243123076,25067.239107149144
2021-11-22 20:00:00,25726.38,-0.6779230712330101,24340.932167683794
2021-11-22 21:00:00,25171.69,-0.727755356423537,23738.690707350703
2021-11-22 22:00:00,24481.75,-0.7526714990188005,23223.639830303873
2021-11-22 23:00:00,23547.08,-0.7775876416140639,23248.258294039333
2021-11-23 00:00:00,22803.75,-0.8938629737252932,22505.60566229891
2021-11-23 01:00:00,22431.97,-0.9769167823761714,23291.255217114085
2021-11-23 02:00:00,22276.0,-0.9935275441063469,23111.410080394617
2021-11-23 03:00:00,22429.87,-0.9353898780507323,22732.09684218304
2021-11-23 04:00:00,22750.08,-0.9935275441063469,23311.487513651024
2021-11-23 05:00:00,23272.53,-1.0018329249714346,24007.370877783982
2021-11-23 06:00:00,24504.64,-0.9769167823761714,25117.621777606186
2021-11-23 07:00:00,26475.4,-0.9520006397809079,27079.235561271194
2021-11-23 08:00:00,27641.71,-0.9603060206459957,28542.16732162884
2021-11-23 09:00:00,27504.47,-0.985222163241259,28832.259625826286
2021-11-23 10:00:00,26569.05,-0.9769167823761714,27754.447664525982
2021-11-23 11:00:00,25806.52,-0.9270844971856443,26996.484483015876
2021-11-23 12:00:00,25167.33,-0.8606414502649419,26508.673251153858
2021-11-23 13:00:00,24813.14,-0.810809165074415,26214.398203971126
2021-11-23 14:00:00,25218.53,-0.8357253076696786,26089.480637756675
2021-11-23 15:00:00,25646.68,-0.8606414502649419,26323.05021461061
2021-11-23 16:00:00,26310.89,-0.8606414502649419,27617.10781797484
2021-11-23 17:00:00,27845.49,-0.8440306885347663,28933.82570802207
2021-11-23 18:00:00,28629.27,-0.8938629737252932,29785.32546035548
2021-11-23 19:00:00,28501.76,-0.9021683545903809,29767.39955068782
2021-11-23 20:00:00,27994.94,-0.8938629737252932,29116.999786466073
2021-11-23 21:00:00,27338.85,-0.9603060206459957,28432.66072828753
2021-11-23 22:00:00,26578.68,-1.0018329249714346,27264.497273307115
2021-11-23 23:00:00,25560.1,-1.0599705910270494,26468.16433172623
2021-11-24 00:00:00,24145.19,-1.109802876217576,26395.37002039621
2021-11-24 01:00:00,23735.91,-1.1264136379477518,26014.54909383724
2021-11-24 02:00:00,24132.35,-1.1679405422731908,26384.743837607784
2021-11-24 03:00:00,24366.71,-1.3257427787098592,26882.418557153724
2021-11-24 04:00:00,24570.28,-1.2260782083288055,26494.471707604593
2021-11-24 05:00:00,25282.71,-1.2592997317891568,26717.400922152698
2021-11-24 06:00:00,26415.06,-1.2509943509240689,28362.780995896293
2021-11-24 07:00:00,28166.33,-1.2177728274637176,29553.271043403223
2021-11-24 08:00:00,29160.72,-1.076581352757225,30944.145646599394
2021-11-24 09:00:00,27917.53,-0.9603060206459957,28931.81387953374
2021-11-24 10:00:00,26507.46,-0.8274199268045908,27801.75743380634
2021-11-24 11:00:00,25494.83,-0.6945338329631858,26166.691890897637
2021-11-24 12:00:00,24833.15,-0.6280907860424834,25579.775959008606
2021-11-24 13:00:00,23974.12,-0.6031746434472199,25383.292137640634
2021-11-24 14:00:00,23541.47,-0.5201208347963419,25118.285829625947
2021-11-24 15:00:00,23342.65,-0.5118154539312539,25000.756244735254
2021-11-24 16:00:00,24165.2,-0.5782585008519565,25504.07603324839
2021-11-24 17:00:00,26143.83,-0.553342358256693,26920.46931671876
2021-11-24 18:00:00,27178.98,-0.6696176903679224,28847.6404560738
2021-11-24 19:00:00,27104.47,-0.6696176903679224,28472.77088852888
2021-11-24 20:00:00,26757.65,-0.6530069286377467,27873.69919256577
2021-11-24 21:00:00,26173.88,-0.7111445946933614,27377.774130274018
2021-11-24 22:00:00,25260.69,-0.6945338329631858,26280.69105554708
2021-11-24 23:00:00,24282.99,-0.819114545939503,25232.75722116473
2021-11-25 00:00:00,23488.6,-0.727755356423537,23186.512968036368
2021-11-25 01:00:00,22880.35,-0.7526714990188005,22292.06460751752
2021-11-25 02:00:00,22754.44,-0.7858930224791517,22175.257739216366
2021-11-25 03:00:00,22784.33,-0.8855575928602053,22216.93820504103
2021-11-25 04:00:00,23042.16,-0.7775876416140639,22181.386928435008
2021-11-25 05:00:00,23469.32,-0.727755356423537,22045.51169768501
2021-11-25 06:00:00,24390.18,-0.6696176903679224,22885.71419860016
2021-11-25 07:00:00,26248.02,-0.6280907860424834,24582.530724039076
2021-11-25 08:00:00,27275.4,-0.5782585008519565,25444.72255580819
2021-11-25 09:00:00,26977.9,-0.5284262156614296,25475.70654250922
2021-11-25 10:00:00,26356.69,-0.47859393047090276,24907.368520684176
2021-11-25 11:00:00,25990.93,-0.47859393047090276,24719.732394525377
2021-11-25 12:00:00,25829.62,-0.4702885496058149,24350.804440506086
2021-11-25 13:00:00,25342.58,-0.4038455026851125,23782.89733553737
2021-11-25 14:00:00,25289.84,-0.44537240701055153,24032.36769447162
2021-11-25 15:00:00,25270.99,-0.45367778787563934,23630.410406500712
2021-11-25 16:00:00,25737.96,-0.48689931133599057,24163.258475116654
2021-11-25 17:00:00,26748.17,-0.4952046922010784,25979.01230490246
2021-11-25 18:00:00,27178.51,-0.5035100730661661,26448.76114974035
2021-11-25 19:00:00,26719.2,-0.553342358256693,25925.14419642614
2021-11-25 20:00:00,26197.46,-0.6031746434472199,25605.6689675049
2021-11-25 21:00:00,25488.74,-0.5865638817170443,24671.98519711099
2021-11-25 22:00:00,24588.9,-0.594869262582132,24074.08337639901
2021-11-25 23:00:00,23273.7,-0.5616477391217809,22414.768133823512
2021-11-26 00:00:00,22380.88,-0.553342358256693,21752.582526541857
2021-11-26 01:00:00,21768.28,-0.5118154539312539,20903.160408912903
2021-11-26 02:00:00,21574.2,-0.46198316874072715,20951.914710727982
2021-11-26 03:00:00,21452.41,-0.45367778787563934,20903.590176007016
2021-11-26 04:00:00,21505.39,-0.4370670261454637,21117.734539000685
2021-11-26 05:00:00,21941.75,-0.42876164528037586,22176.816395440484
2021-11-26 06:00:00,23006.67,-0.5284262156614296,23557.734192076172
2021-11-26 07:00:00,24799.41,-0.5699531199868686,25394.25709435014
2021-11-26 08:00:00,26061.89,-0.5699531199868686,26332.30272580922
2021-11-26 09:00:00,26177.48,-0.5616477391217809,26325.057978175908
2021-11-26 10:00:00,25978.14,-0.5284262156614296,25844.95510534556
2021-11-26 11:00:00,25985.28,-0.5699531199868686,25856.594886074592
2021-11-26 12:00:00,25966.82,-0.6280907860424834,25453.435674234934
2021-11-26 13:00:00,25707.98,-0.6363961669075711,24967.05989063065
2021-11-26 14:00:00,25521.57,-0.6363961669075711,24413.36504713374
2021-11-26 15:00:00,25277.25,-0.644701547772659,24264.0078830313
2021-11-26 16:00:00,25510.47,-0.6530069286377467,24793.72611390806
2021-11-26 17:00:00,26387.85,-0.6363961669075711,25674.147914171674
2021-11-26 18:00:00,26761.43,-0.6363961669075711,25779.491606034884
2021-11-26 19:00:00,26300.46,-0.6363961669075711,25168.78667333871
2021-11-26 20:00:00,25846.77,-0.6363961669075711,24636.71282945445
2021-11-26 21:00:00,25299.72,-0.6696176903679224,24432.378472587847
2021-11-26 22:00:00,24592.32,-0.6696176903679224,23861.858312625853
2021-11-26 23:00:00,23617.38,-0.7194499755584491,23017.209176753644
2021-11-27 00:00:00,22878.9,-0.7443661181537127,22485.317883673168
2021-11-27 01:00:00,22646.65,-0.810809165074415,22268.5012280082
2021-11-27 02:00:00,22559.24,-0.8523360693998542,22485.53363863772
2021-11-27 03:00:00,22540.86,-0.8772522119951176,22609.089319714814
2021-11-27 04:00:00,22813.92,-0.9270844971856443,23347.340176907514
2021-11-27 05:00:00,23264.74,-0.9769167823761714,23781.454860846945
2021-11-27 06:00:00,23930.92,-0.985222163241259,23964.058040282245
2021-11-27 07:00:00,24803.4,-0.985222163241259,24686.78743599685
2021-11-27 08:00:00,25902.5,-1.0018329249714346,25702.474348784723
2021-11-27 09:00:00,26594.99,-1.0018329249714346,26432.66235337393
2021-11-27 10:00:00,26442.02,-0.9935275441063469,26271.89092889156
2021-11-27 11:00:00,26418.34,-1.0101383058365225,25997.80814636123
2021-11-27 12:00:00,26083.59,-0.9686114015110834,25879.503729924145
2021-11-27 13:00:00,25834.65,-0.9686114015110834,25469.285802473634
2021-11-27 14:00:00,25652.79,-0.94369525891582,25237.52491168289
2021-11-27 15:00:00,25557.49,-0.8772522119951176,24762.84985338316
2021-11-27 16:00:00,26350.93,-0.9603060206459957,25054.305705093022
2021-11-27 17:00:00,27594.31,-1.035054448431786,26328.738476161016
2021-11-27 18:00:00,28190.1,-1.0599705910270494,26713.355169642677
2021-11-27 19:00:00,27777.32,-1.0516652101619615,26836.947344209046
2021-11-27 20:00:00,27191.7,-1.0516652101619615,26455.821788057805
2021-11-27 21:00:00,26870.87,-1.076581352757225,25997.34930638013
2021-11-27 22:00:00,26270.28,-1.1347190188128395,25531.527338944114
2021-11-27 23:00:00,25569.48,-1.1679405422731908,25431.506873698047
2021-11-28 00:00:00,25013.47,-1.1762459231382787,25077.257929909487
2021-11-28 01:00:00,24594.19,-1.2011620657335422,25103.706200845165
2021-11-28 02:00:00,24563.3,-1.2177728274637176,25516.093912486354
2021-11-28 03:00:00,24542.63,-1.2676051126542447,25237.202274784777
2021-11-28 04:00:00,24758.29,-1.2842158743844203,25914.213387356947
2021-11-28 05:00:00,25248.86,-1.3755750639003859,26059.27479112838
2021-11-28 06:00:00,25758.83,-1.3672696830352984,26456.49865163849
2021-11-28 07:00:00,26764.56,-1.3589643021702107,27011.6691880591
2021-11-28 08:00:00,27742.05,-1.334048159574947,29279.745511522535
2021-11-28 09:00:00,27693.04,-1.2177728274637176,28406.53516534837
2021-11-28 10:00:00,27026.96,-1.0848867336223127,27897.806327833405
2021-11-28 11:00:00,26223.75,-1.0184436867016105,27387.082246996946
2021-11-28 12:00:00,25695.65,-0.94369525891582,26882.94310922694
2021-11-28 13:00:00,25252.38,-0.94369525891582,27240.693135520687
2021-11-28 14:00:00,24757.85,-0.9021683545903809,26889.862797310434
2021-11-28 15:00:00,25022.28,-0.9187791163205566,26872.810140553636
2021-11-28 16:00:00,26024.84,-0.9270844971856443,27463.148875050367
2021-11-28 17:00:00,27712.0,-0.9187791163205566,28953.96000649116
2021-11-28 18:00:00,28525.17,-0.9353898780507323,29602.23564533115
2021-11-28 19:00:00,28154.61,-0.9353898780507323,29263.495714174245
2021-11-28 20:00:00,27385.87,-0.9686114015110834,28959.935111171177
2021-11-28 21:00:00,26998.25,-0.9769167823761714,28079.897434069208
2021-11-28 22:00:00,26337.51,-0.9935275441063469,27118.685827486566
2021-11-28 23:00:00,25386.26,-1.0018329249714346,26228.547464324627
2021-11-29 00:00:00,24631.46,-1.0101383058365225,25068.03656302431
2021-11-29 01:00:00,24290.84,-1.026749067566698,24247.44095968289
2021-11-29 02:00:00,24227.86,-1.0599705910270494,23995.52213330225
2021-11-29 03:00:00,24481.94,-1.1181082570826641,23846.18630084641
2021-11-29 04:00:00,24792.09,-1.1762459231382787,24440.64294131946
2021-11-29 05:00:00,25477.99,-1.2011620657335422,24790.085726547393
2021-11-29 06:00:00,26808.9,-1.2759104935193324,26616.591045762347
2021-11-29 07:00:00,28844.65,-1.2676051126542447,28921.603664177426
2021-11-29 08:00:00,30087.86,-1.2343835891938932,30217.2751845161
2021-11-29 09:00:00,29384.95,-1.1014974953524885,29204.713380447483
2021-11-29 10:00:00,28205.81,-1.0599705910270494,28377.431779722025
2021-11-29 11:00:00,27631.48,-1.035054448431786,27936.37035324951
2021-11-29 12:00:00,27123.6,-1.0184436867016105,27631.001931846167
2021-11-29 13:00:00,26386.29,-0.9603060206459957,26518.961202340215
2021-11-29 14:00:00,25936.99,-0.9353898780507323,26096.84995889344
2021-11-29 15:00:00,25996.42,-0.9187791163205566,26085.12868766142
2021-11-29 16:00:00,26858.69,-0.9686114015110834,27239.11330700009
2021-11-29 17:00:00,28918.63,-1.068275971892137,29574.42506080346
2021-11-29 18:00:00,30047.0,-1.0101383058365225,30107.779977841903
2021-11-29 19:00:00,29569.31,-1.0018329249714346,30005.24568544547
2021-11-29 20:00:00,28906.93,-0.9769167823761714,28772.939019214846
2021-11-29 21:00:00,28102.82,-0.94369525891582,28311.301143401237
2021-11-29 22:00:00,27044.7,-0.94369525891582,27353.343641904128
2021-11-29 23:00:00,25942.42,-0.9603060206459957,25976.72234218766
2021-11-30 00:00:00,25065.96,-1.0101383058365225,25114.6066411732
2021-11-30 01:00:00,24740.53,-1.0433598292968738,24885.691457333516
2021-11-30 02:00:00,24504.96,-1.1347190188128395,25134.53928330735
2021-11-30 03:00:00,24574.5,-1.0516652101619615,24737.453294707146
2021-11-30 04:00:00,24869.2,-1.0433598292968738,24459.468257209443
2021-11-30 05:00:00,25232.88,-0.9935275441063469,24818.789765350335
2021-11-30 06:00:00,26310.76,-0.985222163241259,25552.613488211886
2021-11-30 07:00:00,28103.21,-0.9769167823761714,27991.52946063841
2021-11-30 08:00:00,29388.57,-1.0184436867016105,30260.745853043336
2021-11-30 09:00:00,28800.19,-1.0101383058365225,29539.202376634992
2021-11-30 10:00:00,27392.52,-0.8855575928602053,27751.75102733218
2021-11-30 11:00:00,26441.54,-0.8689468311300298,26862.834922602546
2021-11-30 12:00:00,25988.11,-0.7941984033442395,26023.08364042002
2021-11-30 13:00:00,25778.62,-0.819114545939503,25847.359236250686
2021-11-30 14:00:00,25793.03,-0.8025037842093272,25659.049994805962
2021-11-30 15:00:00,25954.44,-0.819114545939503,26025.636803530997
2021-11-30 16:00:00,26764.79,-0.8938629737252932,26793.533678331947
2021-11-30 17:00:00,28433.94,-0.8855575928602053,28855.48878402988
2021-11-30 18:00:00,29309.6,-0.8772522119951176,29533.122434087585
2021-11-30 19:00:00,28996.35,-0.9104737354554688,28744.457152218176
2021-11-30 20:00:00,28434.5,-0.7775876416140639,27707.139845627833
2021-11-30 21:00:00,27785.71,-0.810809165074415,27036.641375240946
2021-11-30 22:00:00,26900.01,-0.8357253076696786,26152.418380878924
2021-11-30 23:00:00,25743.48,-0.8523360693998542,25042.68888165703
2021-12-01 00:00:00,24761.87,-0.8357253076696786,24150.834415216603
2021-12-01 01:00:00,24312.37,-0.8357253076696786,23513.392102491176
2021-12-01 02:00:00,24034.58,-0.7858930224791517,22798.78276087596
2021-12-01 03:00:00,24102.34,-0.7443661181537127,22736.097096089434
2021-12-01 04:00:00,24367.64,-0.6613123095028346,22640.355768008056
2021-12-01 05:00:00,24810.62,-0.6031746434472199,23247.50230395539
2021-12-01 06:00:00,25790.19,-0.5782585008519565,24245.86826150336
2021-12-01 07:00:00,27443.14,-0.6114800243123076,25999.0641623041
2021-12-01 08:00:00,28721.95,-0.6530069286377467,27203.28880222106
2021-12-01 09:00:00,28507.85,-0.6945338329631858,27043.296305793072
2021-12-01 10:00:00,27131.29,-0.7360607372886249,26804.42484137318
2021-12-01 11:00:00,26414.18,-0.6945338329631858,25658.60281410786
2021-12-01 12:00:00,25984.86,-0.7111445946933614,25582.65765647017
2021-12-01 13:00:00,25461.4,-0.7858930224791517,25444.951360473864
2021-12-01 14:00:00,25141.97,-0.769282260748976,25351.49390656616
2021-12-01 15:00:00,25114.18,-0.819114545939503,25523.27638145831
2021-12-01 16:00:00,26056.38,-0.9021683545903809,26006.08780190381
2021-12-01 17:00:00,28122.35,-0.9935275441063469,27618.48625671761
2021-12-01 18:00:00,29086.11,-1.0018329249714346,28648.608374479954
2021-12-01 19:00:00,28890.21,-0.9935275441063469,28092.481441797652
2021-12-01 20:00:00,28247.83,-0.9021683545903809,27568.60666034661
2021-12-01 21:00:00,27620.37,-0.8938629737252932,26738.15800661036
2021-12-01 22:00:00,26850.63,-0.94369525891582,25973.41750732639
2021-12-01 23:00:00,25508.76,-0.8855575928602053,24546.214015376336
2021-12-02 00:00:00,24551.98,-0.8523360693998542,23805.107775973123
2021-12-02 01:00:00,24177.22,-0.8274199268045908,23862.991285203516
2021-12-02 02:00:00,23885.48,-0.7609768798838882,23195.939112172444
2021-12-02 03:00:00,23923.55,-0.6613123095028346,23452.420828234244
2021-12-02 04:00:00,23967.63,-0.594869262582132,23881.378108629826
2021-12-02 05:00:00,24195.78,-0.6114800243123076,24656.171421910647
2021-12-02 06:00:00,25148.81,-0.594869262582132,25816.32339211851
2021-12-02 07:00:00,26729.06,-0.5699531199868686,27110.336485975833
2021-12-02 08:00:00,27772.02,-0.5201208347963419,27864.302617975518
2021-12-02 09:00:00,27837.34,-0.48689931133599057,27885.12121637626
2021-12-02 10:00:00,27230.96,-0.44537240701055153,26481.08947640542
2021-12-02 11:00:00,27071.12,-0.4204562644152881,25979.831821737305
2021-12-02 12:00:00,27182.8,-0.3955401218200247,25351.416495879184
2021-12-02 13:00:00,26963.68,-0.295875551438971,24592.826424944175
2021-12-02 14:00:00,26840.06,-0.2792647897087953,23984.95496557347
2021-12-02 15:00:00,26727.99,-0.2792647897087953,24142.701676368273
2021-12-02 16:00:00,26949.01,-0.2792647897087953,24410.731528734006
2021-12-02 17:00:00,27647.6,-0.17960021932774162,25752.733912847918
2021-12-02 18:00:00,27752.02,-0.2626540279786197,26503.59853697641
2021-12-02 19:00:00,27306.02,-0.2626540279786197,26382.167908644107
2021-12-02 20:00:00,26691.83,-0.25434864711353194,26434.357780681883
2021-12-02 21:00:00,25816.91,-0.2875701705738832,26059.855930263788
2021-12-02 22:00:00,24810.23,-0.3124863131691466,25294.852400228894
2021-12-02 23:00:00,23672.44,-0.3872347409549368,23871.210410193165
2021-12-03 00:00:00,22722.06,-0.4952046922010784,23089.37719444687
2021-12-03 01:00:00,22200.88,-0.6031746434472199,22774.489337300514
2021-12-03 02:00:00,22161.66,-0.6363961669075711,22591.03169324317
2021-12-03 03:00:00,22248.47,-0.7111445946933614,23331.9622587249
2021-12-03 04:00:00,22553.95,-0.7609768798838882,23390.898876691987
2021-12-03 05:00:00,23224.9,-0.7775876416140639,23476.503828457633
2021-12-03 06:00:00,24382.84,-0.819114545939503,24560.053109864406
2021-12-03 07:00:00,26343.81,-0.8772522119951176,26158.6607381
2021-12-03 08:00:00,27764.35,-0.9270844971856443,26788.955852798674
2021-12-03 09:00:00,27491.99,-0.9270844971856443,27281.38785899417
2021-12-03 10:00:00,26773.19,-0.9104737354554688,26119.637448813894
2021-12-03 11:00:00,26190.05,-0.9603060206459957,26276.620929241573
2021-12-03 12:00:00,25966.96,-0.94369525891582,26310.503244394145
2021-12-03 13:00:00,25639.24,-0.9686114015110834,25333.40999094803
2021-12-03 14:00:00,25476.09,-0.9603060206459957,25354.619966498747
2021-12-03 15:00:00,25685.07,-1.0018329249714346,25571.682881449666
2021-12-03 16:00:00,26730.59,-1.0516652101619615,27233.255175485505
2021-12-03 17:00:00,28766.33,-1.0848867336223127,28582.216522030918
2021-12-03 18:00:00,29636.12,-1.1264136379477518,29120.42459793453
2021-12-03 19:00:00,29342.3,-1.1347190188128395,28950.998478066187
2021-12-03 20:00:00,28920.91,-1.1679405422731908,28520.472391220443
2021-12-03 21:00:00,28595.72,-1.1928566848684543,28010.579374101646
2021-12-03 22:00:00,27847.53,-1.20946744659863,27406.062621671237
2021-12-03 23:00:00,27224.46,-1.2509943509240689,26925.994280323357
2021-12-04 00:00:00,26507.88,-1.292521255249508,26237.55503574627
2021-12-04 01:00:00,26110.06,-1.3091320169796836,25729.166278402117
2021-12-04 02:00:00,26057.98,-1.334048159574947,26162.806211457242
2021-12-04 03:00:00,26020.52,-1.3506589213051228,25987.736187314098
2021-12-04 04:00:00,26211.62,-1.3755750639003859,26762.38087609076
2021-12-04 05:00:00,26802.9,-1.3921858256305617,26896.38312242945
2021-12-04 06:00:00,27599.78,-1.417101968225825,27682.547425696717
2021-12-04 07:00:00,28648.4,-1.425407349090913,28605.246789718065
2021-12-04 08:00:00,29774.05,-1.417101968225825,30333.602740478047
2021-12-04 09:00:00,29500.32,-1.2759104935193324,29731.034113202397
2021-12-04 10:00:00,28731.15,-1.2011620657335422,29542.805632320727
2021-12-04 11:00:00,28366.91,-1.109802876217576,28717.71253284386
2021-12-04 12:00:00,28430.16,-1.068275971892137,28202.2716063607
2021-12-04 13:00:00,28377.75,-1.026749067566698,27788.27901821812
2021-12-04 14:00:00,28252.72,-1.0101383058365225,27338.597765304276
2021-12-04 15:00:00,28604.18,-1.0848867336223127,27613.193207120883
2021-12-04 16:00:00,28902.9,-1.0848867336223127,27928.7593572288
2021-12-04 17:00:00,29988.43,-1.1014974953524885,29536.788692083497
2021-12-04 18:00:00,30232.49,-1.1264136379477518,30113.949836547563
2021-12-04 19:00:00,29505.53,-1.159635161408103,29915.81536507128
2021-12-04 20:00:00,28946.29,-1.1679405422731908,29126.76000660732
2021-12-04 21:00:00,28492.51,-1.1928566848684543,28965.95434875671
2021-12-04 22:00:00,27979.46,-1.2011620657335422,28164.96014427094
2021-12-04 23:00:00,27116.87,-1.076581352757225,27350.830319247216
2021-12-05 00:00:00,26512.55,-1.1181082570826641,26484.774378243957
2021-12-05 01:00:00,26116.47,-1.1513297805430152,25877.88345410957
2021-12-05 02:00:00,26049.84,-1.2177728274637176,25821.66896891586
2021-12-05 03:00:00,26037.17,-1.3091320169796836,26194.623404602553
2021-12-05 04:00:00,26417.51,-1.417101968225825,26642.377745525722
2021-12-05 05:00:00,26778.33,-1.3174373978447713,26398.135288872905
2021-12-05 06:00:00,27442.55,-1.3755750639003859,27602.888778588243
2021-12-05 07:00:00,28442.63,-1.4087965873607373,28056.484424979277
2021-12-05 08:00:00,29288.23,-1.3755750639003859,28735.300348818837
2021-12-05 09:00:00,29174.7,-1.2011620657335422,28141.037274376446
2021-12-05 10:00:00,28451.06,-1.1347190188128395,28005.17373842271
2021-12-05 11:00:00,27489.19,-1.0848867336223127,27611.143625388926
2021-12-05 12:00:00,26870.49,-0.9603060206459957,27330.264141162526
2021-12-05 13:00:00,26408.39,-0.94369525891582,26493.90947662483
2021-12-05 14:00:00,25938.75,-0.9270844971856443,25837.88814180967
2021-12-05 15:00:00,26328.7,-0.9520006397809079,25884.72395557635
2021-12-05 16:00:00,27737.53,-0.9603060206459957,27389.216314176807
2021-12-05 17:00:00,29183.21,-0.985222163241259,29369.734389923666
2021-12-05 18:00:00,29762.97,-0.9686114015110834,29961.92503170414
2021-12-05 19:00:00,29570.22,-0.9603060206459957,29559.534575331847
2021-12-05 20:00:00,29085.68,-0.985222163241259,28763.20275446554
2021-12-05 21:00:00,28451.6,-1.035054448431786,28151.66617140142
2021-12-05 22:00:00,27683.14,-1.1014974953524885,27714.214099793044
2021-12-05 23:00:00,26819.35,-1.1014974953524885,27032.959826309387
2021-12-06 00:00:00,26093.12,-1.068275971892137,25723.282375916202
2021-12-06 01:00:00,25745.84,-1.0101383058365225,25036.82609839027
2021-12-06 02:00:00,25865.01,-0.9187791163205566,24337.388029559686
2021-12-06 03:00:00,25822.25,-0.8523360693998542,23606.629385797743
2021-12-06 04:00:00,25849.69,-0.7028392138282736,23062.572722328037
2021-12-06 05:00:00,26045.81,-0.6613123095028346,23939.850168686742
2021-12-06 06:00:00,26756.24,-0.6031746434472199,24338.581387827657
2021-12-06 07:00:00,28397.7,-0.45367778787563934,25497.003214703214
2021-12-06 08:00:00,29362.26,-0.33740245576441,25501.5885423256
2021-12-06 09:00:00,29261.52,-0.33740245576441,26784.293804679262
2021-12-06 10:00:00,28904.38,-0.22112712365318066,25708.546920050943
2021-12-06 11:00:00,28730.77,-0.2045163619230051,25801.72169432562
2021-12-06 12:00:00,28453.96,-0.18790560019282948,25201.300622023544
2021-12-06 13:00:00,28218.91,-0.15468407673247822,25308.13198068794
2021-12-06 14:00:00,27835.94,-0.1297679341372148,25363.09349233117
2021-12-06 15:00:00,27637.06,-0.12146255327212702,25525.64779534937
2021-12-06 16:00:00,27468.2,-0.11315717240703917,25793.10476467588
2021-12-06 17:00:00,28304.07,0.011423540569277886,26445.48299068214
2021-12-06 18:00:00,28660.98,-0.17960021932774162,27475.126563947706
2021-12-06 19:00:00,27925.79,-0.30418093230405874,27336.811207743725
2021-12-06 20:00:00,27283.5,-0.4121508835502003,27293.447343909782
2021-12-06 21:00:00,26619.19,-0.4204562644152881,26160.896651398318
2021-12-06 22:00:00,25503.56,-0.46198316874072715,24774.39072671409
2021-12-06 23:00:00,24244.87,-0.4952046922010784,23057.775883458973
2021-12-07 00:00:00,23456.86,-0.5035100730661661,22362.750897970785
2021-12-07 01:00:00,23033.44,-0.5367315965265175,21966.8637011676
2021-12-07 02:00:00,22743.18,-0.6114800243123076,22088.719286869982
2021-12-07 03:00:00,22954.28,-0.7111445946933614,23049.518129431726
2021-12-07 04:00:00,23386.52,-0.8523360693998542,23709.183175075115
2021-12-07 05:00:00,24167.07,-0.9686114015110834,24952.252318530882
2021-12-07 06:00:00,25645.81,-1.0184436867016105,25668.269181526346
2021-12-07 07:00:00,27833.15,-1.1181082570826641,28512.94419950993
2021-12-07 08:00:00,29349.13,-1.1513297805430152,30197.743011885894
2021-12-07 09:00:00,28684.96,-1.1181082570826641,29634.532540840923
2021-12-07 10:00:00,27497.91,-1.1014974953524885,28761.8375653997
2021-12-07 11:00:00,26676.73,-1.076581352757225,27431.943070975794
2021-12-07 12:00:00,26125.5,-0.985222163241259,26791.01306081096
2021-12-07 13:00:00,26109.31,-1.0018329249714346,27005.160495907134
2021-12-07 14:00:00,26677.26,-0.9686114015110834,27307.32539426167
2021-12-07 15:00:00,27495.6,-0.9935275441063469,27354.100175653337
2021-12-07 16:00:00,28514.4,-1.0599705910270494,28301.941978799405
2021-12-07 17:00:00,30062.07,-1.1014974953524885,29913.77608907212
2021-12-07 18:00:00,31058.72,-1.1762459231382787,31085.93714981578
2021-12-07 19:00:00,30851.24,-1.20946744659863,30675.62561854412
2021-12-07 20:00:00,30516.21,-1.2426889700589812,30715.50712160076
2021-12-07 21:00:00,30115.01,-1.2759104935193324,30406.42193239441
2021-12-07 22:00:00,29347.84,-1.3257427787098592,29856.43093216668
2021-12-07 23:00:00,28257.82,-1.3257427787098592,29170.0867148241
2021-12-08 00:00:00,27473.67,-1.3423535404400349,28440.740620752946
2021-12-08 01:00:00,27122.81,-1.3423535404400349,28589.735985765805
2021-12-08 02:00:00,27115.31,-1.3589643021702107,28557.245082662874
2021-12-08 03:00:00,27277.32,-1.3838804447654738,28145.957756710537
2021-12-08 04:00:00,27432.51,-1.3672696830352984,28552.087111399756
2021-12-08 05:00:00,28262.7,-1.3589643021702107,28821.7788227463
2021-12-08 06:00:00,29581.7,-1.3589643021702107,30271.898030249522
2021-12-08 07:00:00,31677.55,-1.4004912064956496,33779.35555549792
2021-12-08 08:00:00,33013.17,-1.3838804447654738,35637.389955237835
2021-12-08 09:00:00,32978.63,-1.3672696830352984,34906.81584928846
2021-12-08 10:00:00,32323.95,-1.3174373978447713,32445.523127732144
2021-12-08 11:00:00,31846.01,-1.3174373978447713,31313.514138291273
2021-12-08 12:00:00,31206.62,-1.2842158743844203,30591.76987025338
2021-12-08 13:00:00,31072.54,-1.3174373978447713,30655.723344927712
2021-12-08 14:00:00,31015.39,-1.3257427787098592,30931.020294527105
2021-12-08 15:00:00,31128.44,-1.3423535404400349,31463.04559566088
2021-12-08 16:00:00,31793.51,-1.4087965873607373,32345.637513339454
2021-12-08 17:00:00,33113.23,-1.4503234916861765,33472.05823202283
2021-12-08 18:00:00,33554.63,-1.4835450151465277,34561.906837774986
2021-12-08 19:00:00,33383.96,-1.5250719194719669,33975.11503104798
2021-12-08 20:00:00,33124.28,-1.5333773003370545,32969.33084579654
2021-12-08 21:00:00,32383.16,-1.54998806206723,32370.81859716473
2021-12-08 22:00:00,31242.3,-1.516766538606879,31038.49486544631
2021-12-08 23:00:00,30030.98,-1.500155776876703,30056.182916382404
2021-12-09 00:00:00,29039.75,-1.4835450151465277,29687.66484590586
2021-12-09 01:00:00,28527.12,-1.4669342534163519,29497.748500558493
2021-12-09 02:00:00,28325.36,-1.458628872551264,29467.780144004355
2021-12-09 03:00:00,28259.03,-1.4503234916861765,29397.301120339584
2021-12-09 04:00:00,28506.01,-1.4420181108210888,29503.242400746018
2021-12-09 05:00:00,28991.06,-1.4669342534163519,30401.145803086438
2021-12-09 06:00:00,30041.01,-1.4835450151465277,31706.31778327122
2021-12-09 07:00:00,31916.08,-1.4752396342814398,33904.27823701475
2021-12-09 08:00:00,33139.55,-1.5250719194719669,35485.76873679505
2021-12-09 09:00:00,32690.07,-1.425407349090913,35136.84964185128
2021-12-09 10:00:00,31206.15,-1.3672696830352984,33996.729528792814
2021-12-09 11:00:00,29764.62,-1.2842158743844203,32336.742408244703
2021-12-09 12:00:00,28719.69,-1.2343835891938932,31509.108729375133
2021-12-09 13:00:00,28252.97,-1.1513297805430152,31186.65739189679
2021-12-09 14:00:00,28248.88,-1.159635161408103,31134.682212178108
2021-12-09 15:00:00,28523.14,-1.159635161408103,31413.924677585735
2021-12-09 16:00:00,29936.13,-1.1928566848684543,31634.18168652744
2021-12-09 17:00:00,31530.31,-1.1928566848684543,32421.564286642883
2021-12-09 18:00:00,32166.57,-1.2260782083288055,32659.516959382963
2021-12-09 19:00:00,32009.29,-1.2509943509240689,32376.472693362324
2021-12-09 20:00:00,31603.93,-1.2509943509240689,32147.58090810616
2021-12-09 21:00:00,31168.8,-1.2759104935193324,31636.216114264516
2021-12-09 22:00:00,30519.57,-1.292521255249508,30612.351274806115
2021-12-09 23:00:00,29369.01,-1.334048159574947,29847.64088163024
2021-12-10 00:00:00,28437.89,-1.334048159574947,28761.96520344583
2021-12-10 01:00:00,28048.41,-1.334048159574947,27907.314438485457
2021-12-10 02:00:00,28104.23,-1.292521255249508,27571.38434711482
2021-12-10 03:00:00,28056.71,-1.2759104935193324,27448.061880615405
2021-12-10 04:00:00,28265.65,-1.3008266361145957,27423.28284656572
2021-12-10 05:00:00,28803.58,-1.334048159574947,27887.94435008304
2021-12-10 06:00:00,29898.02,-1.3423535404400349,28897.760416520203
2021-12-10 07:00:00,31760.99,-1.3091320169796836,29798.158921479615
2021-12-10 08:00:00,32753.01,-1.2592997317891568,31434.160431387496
2021-12-10 09:00:00,32722.76,-1.2011620657335422,30824.471389713344
2021-12-10 10:00:00,32346.67,-1.2759104935193324,31137.608346158937
2021-12-10 11:00:00,32209.92,-1.2343835891938932,30605.741760080942
2021-12-10 12:00:00,31665.26,-1.20946744659863,29970.200346879694
2021-12-10 13:00:00,31272.92,-1.1928566848684543,30148.74302138038
2021-12-10 14:00:00,30873.61,-1.159635161408103,29587.326113248677
2021-12-10 15:00:00,30438.2,-1.1181082570826641,29529.901999669175
2021-12-10 16:00:00,30609.61,-1.0931921144874006,29753.51012803669
2021-12-10 17:00:00,31360.58,-1.076581352757225,30878.991919265016
2021-12-10 18:00:00,31457.89,-1.076581352757225,30926.31586230094
2021-12-10 19:00:00,30741.33,-1.0516652101619615,30283.29382063774
2021-12-10 20:00:00,29880.62,-1.0516652101619615,29742.50565581138
2021-12-10 21:00:00,29007.5,-1.0433598292968738,29116.405970179778
2021-12-10 22:00:00,27983.27,-1.0018329249714346,28221.21273410861
2021-12-10 23:00:00,26746.6,-0.9603060206459957,26617.413968733526
2021-12-11 00:00:00,25763.02,-0.8938629737252932,25604.533178638914
2021-12-11 01:00:00,25171.54,-0.9104737354554688,25521.052216799446
2021-12-11 02:00:00,24795.45,-0.9021683545903809,25589.3129075815
2021-12-11 03:00:00,24705.96,-0.8855575928602053,25514.488257090678
2021-12-11 04:00:00,24802.16,-0.8606414502649419,25735.527299341265
2021-12-11 05:00:00,24992.78,-0.8772522119951176,25970.24402305666
2021-12-11 06:00:00,25541.78,-0.8772522119951176,26125.970422308495
2021-12-11 07:00:00,26228.78,-0.8025037842093272,26199.442245781567
2021-12-11 08:00:00,27143.96,-0.7111445946933614,26704.377935722343
2021-12-11 09:00:00,27912.57,-0.5782585008519565,27114.06618603061
2021-12-11 10:00:00,28315.13,-0.4702885496058149,27140.733967250253
2021-12-11 11:00:00,28382.29,-0.25434864711353194,26629.629350579402
2021-12-11 12:00:00,28178.88,-0.18790560019282948,26117.70853970867
2021-12-11 13:00:00,27712.18,-0.11315717240703917,25220.110101779548
2021-12-11 14:00:00,26931.32,-0.08824102981177576,24842.429931137507
2021-12-11 15:00:00,26474.01,-0.06332488721651235,24822.124088917913
2021-12-11 16:00:00,26457.05,-0.021797982891073302,24522.505021060002
2021-12-11 17:00:00,26951.52,0.02803430229945359,25324.217566639716
2021-12-11 18:00:00,26769.46,0.06125582575980486,25169.06219207046
2021-12-11 19:00:00,25983.36,0.136004253545595,24737.334160069597
2021-12-11 20:00:00,25045.67,0.26058496652191215,23413.25979199656
2021-12-11 21:00:00,24101.7,-0.09654641067686354,23792.120042248724
2021-12-11 22:00:00,23184.38,-0.13807331500230258,23404.324012409084
2021-12-11 23:00:00,22455.68,-0.16298945759756606,22554.35410169563
2021-12-12 00:00:00,21606.33,-0.25434864711353194,22069.43724619411
2021-12-12 01:00:00,21143.96,-0.47859393047090276,21751.695639539794
2021-12-12 02:00:00,20978.93,-0.46198316874072715,21006.24861343843
2021-12-12 03:00:00,20940.57,-0.5035100730661661,21306.18172452318
2021-12-12 04:00:00,21010.07,-0.5284262156614296,21257.720663976062
2021-12-12 05:00:00,21249.36,-0.5699531199868686,21578.919957400834
2021-12-12 06:00:00,21724.84,-0.6114800243123076,22122.75024401549
2021-12-12 07:00:00,22654.24,-0.6363961669075711,22527.430333108394
2021-12-12 08:00:00,23537.87,-0.6197854051773956,23836.859247106117
2021-12-12 09:00:00,23618.27,-0.5118154539312539,24392.058203101667
2021-12-12 10:00:00,23482.72,-0.4370670261454637,24528.24293714188
2021-12-12 11:00:00,23439.24,-0.35401321749458564,24703.827210604286
2021-12-12 12:00:00,23170.21,-0.2792647897087953,25317.315920157576
2021-12-12 13:00:00,22856.9,-0.2377378853833563,24848.57313123503
2021-12-12 14:00:00,22490.5,-0.18790560019282948,24471.192243598027
2021-12-12 15:00:00,22312.15,-0.22112712365318066,24346.454012339225
2021-12-12 16:00:00,23045.75,-0.2792647897087953,25467.59766348965
2021-12-12 17:00:00,25032.84,-0.3124863131691466,26554.319692394605
2021-12-12 18:00:00,26019.99,-0.32079169403423435,27087.20958850887
2021-12-12 19:00:00,25951.92,-0.32079169403423435,26774.12884024892
2021-12-12 20:00:00,25477.28,-0.3124863131691466,26441.707216629857
2021-12-12 21:00:00,25018.09,-0.27095940884370756,24508.55157586296
2021-12-12 22:00:00,24184.02,-0.2792647897087953,23390.02597822722
2021-12-12 23:00:00,23149.6,-0.2792647897087953,22373.097836066507
2021-12-13 00:00:00,22249.64,-0.3124863131691466,21293.397948716305
2021-12-13 01:00:00,21789.34,-0.2875701705738832,20167.875545685198
2021-12-13 02:00:00,21448.66,-0.2626540279786197,20393.83798096003
2021-12-13 03:00:00,21467.68,-0.2626540279786197,20434.617545832483
2021-12-13 04:00:00,21449.73,-0.25434864711353194,20795.651507132374
2021-12-13 05:00:00,21723.7,-0.2792647897087953,21246.584367906442
2021-12-13 06:00:00,22786.44,-0.24604326624844414,22360.267932000887
2021-12-13 07:00:00,24432.68,-0.2377378853833563,24509.27044888575
2021-12-13 08:00:00,25834.74,-0.22112712365318066,25857.992333368333
2021-12-13 09:00:00,25871.67,-0.22112712365318066,26262.55961458724
2021-12-13 10:00:00,25309.49,-0.11315717240703917,26219.460823857557
2021-12-13 11:00:00,24610.99,-0.06332488721651235,26842.780119016472
2021-12-13 12:00:00,23885.38,-0.013492602025985451,26175.973755797433
2021-12-13 13:00:00,23549.24,0.019728921434365814,24778.366731994563
2021-12-13 14:00:00,23434.32,-0.013492602025985451,24682.218910417843
2021-12-13 15:00:00,23356.88,-0.030103363756161083,24360.78839655734
2021-12-13 16:00:00,23848.39,-0.08824102981177576,24776.010083258672
2021-12-13 17:00:00,25325.8,-0.16298945759756606,26664.132304177132
2021-12-13 18:00:00,26333.31,-0.16298945759756606,27319.831915970877
2021-12-13 19:00:00,26130.78,-0.17960021932774162,27064.202463450543
2021-12-13 20:00:00,25706.9,-0.21282174278809288,26504.50680252546
2021-12-13 21:00:00,25206.84,-0.21282174278809288,25794.37385538591
2021-12-13 22:00:00,24332.5,-0.25434864711353194,24762.075450213706
2021-12-13 23:00:00,23162.72,-0.30418093230405874,23474.03164893509
2021-12-14 00:00:00,22099.99,-0.37062397922476126,22375.195068951605
2021-12-14 01:00:00,21427.8,-0.37892936008984907,21559.699376270793
2021-12-14 02:00:00,21288.68,-0.4038455026851125,21310.243048421755
2021-12-14 03:00:00,21196.13,-0.3955401218200247,21310.476965494883
2021-12-14 04:00:00,21536.16,-0.44537240701055153,21500.134695976
2021-12-14 05:00:00,22092.55,-0.47859393047090276,21917.42186525406
2021-12-14 06:00:00,23174.86,-0.5118154539312539,23267.929341512227
2021-12-14 07:00:00,25177.96,-0.6031746434472199,25055.203373080003
2021-12-14 08:00:00,26709.11,-0.6779230712330101,27123.877256473443
2021-12-14 09:00:00,26466.83,-0.594869262582132,26346.30983669317
2021-12-14 10:00:00,25439.04,-0.6114800243123076,25346.558934284956
2021-12-14 11:00:00,24558.69,-0.5865638817170443,24576.81486248267
2021-12-14 12:00:00,24266.12,-0.5782585008519565,24134.98245833389
2021-12-14 13:00:00,23817.64,-0.5367315965265175,23848.367287046633
2021-12-14 14:00:00,23556.26,-0.5367315965265175,23813.70753855269
2021-12-14 15:00:00,23696.49,-0.5367315965265175,23792.497223375954
2021-12-14 16:00:00,24671.63,-0.6197854051773956,24619.25343076166
2021-12-14 17:00:00,26746.01,-0.7111445946933614,26349.79957773265
2021-12-14 18:00:00,28095.73,-0.7526714990188005,27645.439933353584
2021-12-14 19:00:00,27969.44,-0.8274199268045908,27761.800057762775
2021-12-14 20:00:00,27677.91,-0.8440306885347663,27515.869794798116
2021-12-14 21:00:00,27398.88,-0.9603060206459957,27532.43778126504
2021-12-14 22:00:00,26667.06,-1.0599705910270494,27045.930286906307
2021-12-14 23:00:00,25911.29,-1.068275971892137,26024.144210129896
2021-12-15 00:00:00,25038.66,-1.1928566848684543,24894.083660722867
2021-12-15 01:00:00,24656.09,-1.159635161408103,24814.4080699601
2021-12-15 02:00:00,24774.59,-1.1430243996779275,24626.96335795545
2021-12-15 03:00:00,24952.28,-1.2011620657335422,24852.895900389965
2021-12-15 04:00:00,25249.4,-1.1014974953524885,24802.588034837925
2021-12-15 05:00:00,25798.44,-1.0101383058365225,25065.341382311384
2021-12-15 06:00:00,26950.77,-1.0018329249714346,25980.530130361505
2021-12-15 07:00:00,28783.58,-1.0018329249714346,28446.30329794531
2021-12-15 08:00:00,30066.05,-1.0018329249714346,29617.225315186406
2021-12-15 09:00:00,29836.67,-0.94369525891582,29565.733233606952
2021-12-15 10:00:00,28860.79,-0.8357253076696786,28543.961278669438
2021-12-15 11:00:00,28251.36,-0.769282260748976,27171.455754814022
2021-12-15 12:00:00,27736.59,-0.727755356423537,27663.729021435807
2021-12-15 13:00:00,27774.24,-0.7443661181537127,27607.02052124317
2021-12-15 14:00:00,27853.47,-0.6779230712330101,27090.40471861683
2021-12-15 15:00:00,27857.68,-0.7194499755584491,27342.530688088034
2021-12-15 16:00:00,28402.37,-0.7360607372886249,27692.276837203503
2021-12-15 17:00:00,29545.87,-0.9353898780507323,29891.29578838099
2021-12-15 18:00:00,30225.11,-0.9021683545903809,30812.455245065245
2021-12-15 19:00:00,29858.96,-0.769282260748976,29532.830645302827
2021-12-15 20:00:00,29046.17,-0.727755356423537,28601.030555143392
2021-12-15 21:00:00,28226.57,-0.5367315965265175,27139.397056346974
2021-12-15 22:00:00,27161.32,-0.48689931133599057,25837.575973742765
2021-12-15 23:00:00,25747.97,-0.4702885496058149,24945.376668958626
2021-12-16 00:00:00,24542.27,-0.6530069286377467,24716.20537098465
2021-12-16 01:00:00,23913.86,-0.6945338329631858,24239.966501884857
2021-12-16 02:00:00,23432.55,-0.6696176903679224,24068.27352044507
2021-12-16 03:00:00,23097.81,-0.6779230712330101,23867.09757025835
2021-12-16 04:00:00,23045.12,-0.6696176903679224,24410.857688888795
2021-12-16 05:00:00,23215.4,-0.6613123095028346,24734.93407259753
2021-12-16 06:00:00,24102.85,-0.644701547772659,25920.739081154028
2021-12-16 07:00:00,25695.6,-0.6114800243123076,27597.532848337756
2021-12-16 08:00:00,26764.46,-0.5865638817170443,28868.812703670792
2021-12-16 09:00:00,26777.77,-0.3290970748993222,28192.03560958204
2021-12-16 10:00:00,26385.77,-0.37062397922476126,27696.970587205367
2021-12-16 11:00:00,25869.08,-0.038408744621248936,26665.699231303493
2021-12-16 12:00:00,25623.4,0.04464506402962915,25542.228669565993
2021-12-16 13:00:00,25177.62,0.16922577700594627,25160.00126023658
2021-12-16 14:00:00,24470.32,0.2439742047917366,24940.543543070246
2021-12-16 15:00:00,24096.84,0.2356688239266488,25031.008066146063
2021-12-16 16:00:00,24605.1,0.46821948814910735,24716.858996104474
2021-12-16 17:00:00,25491.98,0.5844948202603367,25342.6748578504
2021-12-16 18:00:00,25829.53,0.2439742047917366,26376.145288728996
2021-12-16 19:00:00,24887.5,0.4183872029585805,25970.873287542847
2021-12-16 20:00:00,24500.7,0.4765248690141953,25412.86629832754
2021-12-16 21:00:00,23703.79,0.49313563074437083,24791.055112203194
2021-12-16 22:00:00,22672.93,0.6011055819905124,23686.594295416846
2021-12-16 23:00:00,21414.26,0.4848302498792831,22615.755364432243
2021-12-17 00:00:00,20477.0,0.37686029863314147,21262.249417207255
2021-12-17 01:00:00,19973.85,0.2439742047917366,20521.839018433173
2021-12-17 02:00:00,19741.94,0.1027827300852439,20374.106768711506
2021-12-17 03:00:00,19622.9,-0.07993564894668798,20478.96518408654
2021-12-17 04:00:00,19833.09,-0.08824102981177576,20248.30337660686
2021-12-17 05:00:00,20263.72,-0.13807331500230258,20698.663647110196
2021-12-17 06:00:00,21471.63,-0.17960021932774162,21756.649804262237
2021-12-17 07:00:00,23280.34,-0.21282174278809288,22455.074012926143
2021-12-17 08:00:00,24567.03,-0.21282174278809288,23002.66762889886
2021-12-17 09:00:00,24875.14,-0.19621098105791726,24564.89535615731
2021-12-17 10:00:00,24637.07,-0.22112712365318066,24154.153069649972
2021-12-17 11:00:00,24787.92,-0.19621098105791726,24186.64614687759
2021-12-17 12:00:00,24625.49,-0.22112712365318066,23968.51372670929
2021-12-17 13:00:00,24481.87,-0.22943250451826852,23878.134843209424
2021-12-17 14:00:00,24393.18,-0.22112712365318066,23883.47030225169
2021-12-17 15:00:00,24374.05,-0.3124863131691466,23791.310897095245
2021-12-17 16:00:00,24870.62,-0.37892936008984907,24176.406357661523
2021-12-17 17:00:00,25958.81,-0.4702885496058149,25619.591675136755
2021-12-17 18:00:00,26573.36,-0.4952046922010784,26175.84553191081
2021-12-17 19:00:00,26135.39,-0.5284262156614296,26019.33429193755
2021-12-17 20:00:00,25541.3,-0.5118154539312539,25611.884634220307
2021-12-17 21:00:00,25060.21,-0.5118154539312539,25305.867045292023
2021-12-17 22:00:00,24386.02,-0.5284262156614296,24717.44421685644
2021-12-17 23:00:00,23655.48,-0.6031746434472199,23443.678346794135
2021-12-18 00:00:00,22945.02,-0.7028392138282736,22286.379081707284
2021-12-18 01:00:00,22637.42,-0.8025037842093272,22081.003701022106
2021-12-18 02:00:00,22626.33,-0.8357253076696786,21768.702542253715
2021-12-18 03:00:00,22714.23,-0.8689468311300298,21591.50883014098
2021-12-18 04:00:00,23174.24,-0.9769167823761714,22037.527347081905
2021-12-18 05:00:00,23661.52,-0.9769167823761714,22479.981649185986
2021-12-18 06:00:00,24372.2,-1.0516652101619615,23688.3731297716
2021-12-18 07:00:00,25434.6,-1.0599705910270494,24941.86128688472
2021-12-18 08:00:00,26392.64,-1.076581352757225,26202.513695213325
2021-12-18 09:00:00,27343.7,-1.0599705910270494,26834.983523481704
2021-12-18 10:00:00,27631.41,-1.0101383058365225,26816.974734262305
2021-12-18 11:00:00,27862.09,-0.9769167823761714,26552.815233697882
2021-12-18 12:00:00,28143.19,-0.9769167823761714,26493.4914138225
2021-12-18 13:00:00,27988.7,-0.9686114015110834,26385.887080954057
2021-12-18 14:00:00,27937.79,-0.985222163241259,26138.75566686271
2021-12-18 15:00:00,28108.05,-1.068275971892137,26164.122126814487
2021-12-18 16:00:00,28350.92,-1.1513297805430152,27727.152255690096
2021-12-18 17:00:00,29326.28,-1.1679405422731908,28365.908570561205
2021-12-18 18:00:00,29762.17,-1.1762459231382787,28633.218740680943
2021-12-18 19:00:00,29333.07,-1.1762459231382787,28216.757424983098
2021-12-18 20:00:00,28789.7,-1.1762459231382787,27386.892578419192
2021-12-18 21:00:00,28178.85,-1.1928566848684543,27478.535307193168
2021-12-18 22:00:00,27579.14,-1.1762459231382787,26896.16451436012
2021-12-18 23:00:00,26977.48,-1.20946744659863,26657.46933215978
2021-12-19 00:00:00,26237.97,-1.1679405422731908,25952.31782739523
2021-12-19 01:00:00,25844.46,-1.1679405422731908,25585.855031945674
2021-12-19 02:00:00,25728.12,-1.1513297805430152,25695.574145429855
2021-12-19 03:00:00,25504.24,-1.159635161408103,25756.144232522536
2021-12-19 04:00:00,25589.14,-1.1679405422731908,26026.741087553233
2021-12-19 05:00:00,25933.54,-1.2260782083288055,26527.108239890276
2021-12-19 06:00:00,26420.65,-1.1430243996779275,26258.499002129072
2021-12-19 07:00:00,27325.4,-1.1513297805430152,27265.46639016269
2021-12-19 08:00:00,28255.08,-1.1513297805430152,27346.530811603498
2021-12-19 09:00:00,28700.84,-1.159635161408103,28658.67940902564
2021-12-19 10:00:00,28476.4,-1.1762459231382787,29372.628978847697
2021-12-19 11:00:00,27881.2,-1.159635161408103,29242.245374903174
2021-12-19 12:00:00,26887.62,-1.076581352757225,29060.27552732933
2021-12-19 13:00:00,26611.85,-1.0516652101619615,28523.46187131459
2021-12-19 14:00:00,26415.35,-1.0848867336223127,28440.10527172685
2021-12-19 15:00:00,26683.77,-1.1430243996779275,28201.9447563769
2021-12-19 16:00:00,27773.76,-1.20946744659863,28420.071887879905
2021-12-19 17:00:00,29727.04,-1.3257427787098592,30173.307080869257
2021-12-19 18:00:00,30711.36,-1.3921858256305617,31161.638234279308
2021-12-19 19:00:00,30631.56,-1.425407349090913,30958.75253014974
2021-12-19 20:00:00,30378.38,-1.4835450151465277,30955.488030145872
2021-12-19 21:00:00,29991.91,-1.599820347257757,30385.986867499145
2021-12-19 22:00:00,29161.73,-1.633041870718108,29658.31695886266
2021-12-19 23:00:00,28315.5,-1.6745687750435472,28860.79107354465
2021-12-20 00:00:00,27866.41,-1.8822032966707423,29251.95311959254
2021-12-20 01:00:00,27859.27,-1.9237302009961814,29408.99292115186
2021-12-20 02:00:00,27922.31,-1.8655925349405669,29381.23219462839
2021-12-20 03:00:00,28187.43,-1.8655925349405669,28988.374454347642
2021-12-20 04:00:00,28516.39,-1.8323710114802154,28998.891445605313
2021-12-20 05:00:00,29248.95,-1.948646343591445,30301.89453076259
2021-12-20 06:00:00,30507.33,-1.8406763923453033,31603.4875383124
2021-12-20 07:00:00,32484.05,-1.7576225836944253,33705.65716246744
2021-12-20 08:00:00,33866.3,-1.6496526324482839,34861.88180486893
2021-12-20 09:00:00,33975.3,-1.508461157741791,33755.38724112782
2021-12-20 10:00:00,33042.58,-1.4337127299560009,31960.216156765502
2021-12-20 11:00:00,31688.2,-1.3755750639003859,31363.84903055091
2021-12-20 12:00:00,30963.2,-1.3008266361145957,30966.703268171634
2021-12-20 13:00:00,30641.35,-1.1679405422731908,30866.32602089822
2021-12-20 14:00:00,30400.27,-1.035054448431786,30343.352053261242
2021-12-20 15:00:00,30582.15,-0.9769167823761714,30612.190178399935
2021-12-20 16:00:00,31088.9,-0.9686114015110834,31387.74491824144
2021-12-20 17:00:00,32258.98,-0.94369525891582,32525.11794371909
2021-12-20 18:00:00,32459.78,-0.9270844971856443,32634.344810925282
2021-12-20 19:00:00,31760.96,-0.9187791163205566,31991.615484267284
2021-12-20 20:00:00,31053.7,-0.8357253076696786,31204.892133390913
2021-12-20 21:00:00,29966.57,-0.8025037842093272,29737.73189518191
2021-12-20 22:00:00,28959.88,-0.7111445946933614,28055.19676222399
2021-12-20 23:00:00,27800.05,-0.6779230712330101,26482.89233685909
2021-12-21 00:00:00,26468.09,-0.644701547772659,24943.379619697906
2021-12-21 01:00:00,25774.51,-0.5118154539312539,23600.164741825964
2021-12-21 02:00:00,25386.85,-0.5118154539312539,23656.03273561141
2021-12-21 03:00:00,25224.59,-0.5616477391217809,23710.224981820535
2021-12-21 04:00:00,25058.41,-0.5367315965265175,23720.190471033216
2021-12-21 05:00:00,25275.15,-0.6363961669075711,23834.49760021167
2021-12-21 06:00:00,26037.47,-0.6114800243123076,24803.974861873507
2021-12-21 07:00:00,27472.4,-0.6696176903679224,26483.202814003955
2021-12-21 08:00:00,28549.2,-0.7194499755584491,28588.344289149358
2021-12-21 09:00:00,28699.06,-0.8274199268045908,29470.15364725684
2021-12-21 10:00:00,27987.63,-0.9104737354554688,28912.834020375536
2021-12-21 11:00:00,27238.73,-0.94369525891582,28070.305628622285
2021-12-21 12:00:00,26514.89,-0.9187791163205566,27409.21632451742
2021-12-21 13:00:00,25978.64,-0.9187791163205566,25546.895496810874
2021-12-21 14:00:00,25726.65,-0.9021683545903809,25326.458197514108
2021-12-21 15:00:00,25920.33,-0.9270844971856443,25257.173241021173
2021-12-21 16:00:00,27204.04,-0.9769167823761714,26912.77914158484
2021-12-21 17:00:00,29157.79,-1.159635161408103,28963.649881145422
2021-12-21 18:00:00,30214.25,-0.985222163241259,29478.627906547717
2021-12-21 19:00:00,29966.79,-1.0516652101619615,29068.697434918355
2021-12-21 20:00:00,29726.99,-1.0931921144874006,29051.461706514467
2021-12-21 21:00:00,29220.74,-1.1181082570826641,28503.602810784792
2021-12-21 22:00:00,28476.83,-1.1513297805430152,28129.879068852013
2021-12-21 23:00:00,27451.13,-1.1679405422731908,27160.045674149223
2021-12-22 00:00:00,26611.74,-1.2011620657335422,26137.081507263963
2021-12-22 01:00:00,26129.07,-1.20946744659863,26583.575376674886
2021-12-22 02:00:00,26054.28,-1.20946744659863,26655.4751044136
2021-12-22 03:00:00,26100.7,-1.1845513040033666,26421.41368193153
2021-12-22 04:00:00,26142.17,-1.2011620657335422,26917.627737272942
2021-12-22 05:00:00,26554.07,-1.2426889700589812,27364.69179029671
2021-12-22 06:00:00,27510.19,-1.2260782083288055,28308.379724249764
2021-12-22 07:00:00,28731.62,-1.1264136379477518,30139.421287496898
2021-12-22 08:00:00,29841.73,-1.1181082570826641,31654.946831209876
2021-12-22 09:00:00,30249.52,-1.1014974953524885,30558.77749384314
2021-12-22 10:00:00,29920.8,-1.0101383058365225,29385.336919314035
2021-12-22 11:00:00,29445.39,-0.8772522119951176,28640.060494760404
2021-12-22 12:00:00,29466.84,-0.8274199268045908,27985.073523176292
2021-12-22 13:00:00,29021.96,-0.727755356423537,28067.205843255182
2021-12-22 14:00:00,28734.89,-0.7526714990188005,28095.320008981194
2021-12-22 15:00:00,28847.3,-0.7194499755584491,28031.503738832937
2021-12-22 16:00:00,29008.33,-0.7194499755584491,28308.593835632553
2021-12-22 17:00:00,29898.78,-0.7111445946933614,29612.577179521366
2021-12-22 18:00:00,30102.36,-0.727755356423537,30423.921774909246
2021-12-22 19:00:00,29550.04,-0.769282260748976,30378.77339241346
2021-12-22 20:00:00,29433.87,-0.9686114015110834,30663.615990080776
2021-12-22 21:00:00,29101.78,-1.1181082570826641,30798.401172293943
2021-12-22 22:00:00,28524.29,-1.20946744659863,30012.139498481243
2021-12-22 23:00:00,27821.92,-1.292521255249508,29293.335785421375
2021-12-23 00:00:00,27114.78,-1.3672696830352984,28366.062795165017
2021-12-23 01:00:00,26795.93,-1.4503234916861765,27727.72357634835
2021-12-23 02:00:00,26876.93,-1.508461157741791,27168.915574489674
2021-12-23 03:00:00,27176.45,-1.5749042046624935,27390.731799255045
2021-12-23 04:00:00,27486.6,-1.6662633941784593,27273.299415529364
2021-12-23 05:00:00,28368.05,-1.732706441099162,27915.870997459908
2021-12-23 06:00:00,29619.4,-1.7908441071547763,29264.20050229578
2021-12-23 07:00:00,31275.79,-1.8489817732103913,31167.249624527798
2021-12-23 08:00:00,32629.9,-1.8738979158056543,32238.553251035744
2021-12-23 09:00:00,32673.72,-1.8406763923453033,32564.906044661246
2021-12-23 10:00:00,31839.73,-1.7991494880198642,30330.578721501795
2021-12-23 11:00:00,31010.3,-1.7908441071547763,30140.569150425505
2021-12-23 12:00:00,30161.75,-1.732706441099162,30007.038752735236
2021-12-23 13:00:00,29839.15,-1.724401060234074,29794.669896058615
2021-12-23 14:00:00,29377.7,-1.6745687750435472,30490.527645110524
2021-12-23 15:00:00,29676.87,-1.62473648985302,31032.006239123395
2021-12-23 16:00:00,31014.01,-1.691179536773723,32111.42082812005
2021-12-23 17:00:00,33097.8,-1.732706441099162,33331.0293534144
2021-12-23 18:00:00,33997.76,-1.8655925349405669,35128.85120177393
2021-12-23 19:00:00,33823.63,-1.7825387262896888,35014.0259911347
2021-12-23 20:00:00,33274.57,-1.8572871540754792,34732.14608066874
2021-12-23 21:00:00,32859.5,-1.8489817732103913,34651.01753202779
2021-12-23 22:00:00,32274.67,-1.7825387262896888,34219.24147067757
2021-12-23 23:00:00,31169.27,-1.716095679368986,33052.87735135593
2021-12-24 00:00:00,30591.23,-1.7077902985038982,32335.329023776394
2021-12-24 01:00:00,30032.52,-1.732706441099162,31825.904722555275
2021-12-24 02:00:00,29916.46,-1.6662633941784593,31778.103001447726
2021-12-24 03:00:00,30070.37,-1.641347251583196,31643.039177952043
2021-12-24 04:00:00,30315.98,-1.807454868884952,32933.56050858123
2021-12-24 05:00:00,30632.2,-1.8572871540754792,33035.24357647621
2021-12-24 06:00:00,31555.35,-1.9403409627263573,34775.15137437577
2021-12-24 07:00:00,32621.96,-1.948646343591445,35515.20482207452
2021-12-24 08:00:00,33451.9,-1.9237302009961814,36728.96897295091
2021-12-24 09:00:00,33479.27,-1.724401060234074,37471.33538565315
2021-12-24 10:00:00,32860.58,-1.641347251583196,36497.317802991485
2021-12-24 11:00:00,31830.24,-1.4669342534163519,33949.017650020054
2021-12-24 12:00:00,30858.03,-1.3838804447654738,32339.49863952193
2021-12-24 13:00:00,29783.21,-1.292521255249508,31712.42844025183
2021-12-24 14:00:00,29101.6,-1.0931921144874006,30009.768477544043
2021-12-24 15:00:00,28741.32,-1.0931921144874006,29816.964203489137
2021-12-24 16:00:00,29368.56,-1.2011620657335422,29829.08831308257
2021-12-24 17:00:00,31036.9,-1.3838804447654738,31860.97430472734
2021-12-24 18:00:00,31462.36,-1.3257427787098592,31374.66351097672
2021-12-24 19:00:00,30815.97,-1.4420181108210888,32440.95857790973
2021-12-24 20:00:00,30138.27,-1.4087965873607373,31183.12713185635
2021-12-24 21:00:00,29616.81,-1.3589643021702107,30240.48166184948
2021-12-24 22:00:00,29149.25,-1.4087965873607373,30179.187761223424
2021-12-24 23:00:00,28327.13,-1.3506589213051228,29296.35086636697
2021-12-25 00:00:00,27988.35,-1.3506589213051228,28351.484716475607
2021-12-25 01:00:00,27636.15,-1.3838804447654738,27737.85288474594
2021-12-25 02:00:00,27417.88,-1.3755750639003859,27255.53302980593
2021-12-25 03:00:00,27342.35,-1.3506589213051228,27121.669769400793
2021-12-25 04:00:00,27349.54,-1.334048159574947,26525.244751758833
2021-12-25 05:00:00,27547.82,-1.3257427787098592,26162.92776686024
2021-12-25 06:00:00,28082.54,-1.3423535404400349,26295.941834881527
2021-12-25 07:00:00,28722.16,-1.3506589213051228,26609.180759605802
2021-12-25 08:00:00,29228.69,-1.3672696830352984,27649.827496054262
2021-12-25 09:00:00,29731.24,-1.3174373978447713,28859.1960229839
2021-12-25 10:00:00,30025.15,-1.2676051126542447,30042.55940088641
2021-12-25 11:00:00,29895.42,-1.2426889700589812,29748.240109150363
2021-12-25 12:00:00,29605.7,-1.2509943509240689,29228.192722480573
2021-12-25 13:00:00,29392.74,-1.2426889700589812,29597.30602311147
2021-12-25 14:00:00,29320.37,-1.20946744659863,28746.588900989456
2021-12-25 15:00:00,28959.05,-1.1181082570826641,28382.307431531688
2021-12-25 16:00:00,29107.17,-1.109802876217576,28656.947598370723
2021-12-25 17:00:00,29618.15,-1.0931921144874006,29532.957713591106
2021-12-25 18:00:00,29651.06,-1.1430243996779275,29895.743520451535
2021-12-25 19:00:00,28925.8,-1.1679405422731908,28106.816815703805
2021-12-25 20:00:00,28393.89,-1.1679405422731908,27199.936907397398
2021-12-25 21:00:00,27950.57,-1.1264136379477518,26411.616190514575
2021-12-25 22:00:00,27544.0,-1.0848867336223127,25751.58424201466
2021-12-25 23:00:00,26497.56,-1.0516652101619615,25324.440028389356
2021-12-26 00:00:00,25747.82,-1.0184436867016105,25276.01832067317
2021-12-26 01:00:00,25405.54,-1.0101383058365225,25002.088405238785
2021-12-26 02:00:00,25109.88,-0.985222163241259,25309.340913619755
2021-12-26 03:00:00,25000.42,-0.9686114015110834,25518.32414396047
2021-12-26 04:00:00,25040.95,-0.94369525891582,25602.376302707624
2021-12-26 05:00:00,25303.29,-0.9270844971856443,25784.193226507716
2021-12-26 06:00:00,25552.78,-0.9187791163205566,25808.145574378756
2021-12-26 07:00:00,26273.62,-0.8855575928602053,25702.917707126428
2021-12-26 08:00:00,26907.09,-0.8523360693998542,25747.466086547294
2021-12-26 09:00:00,27192.57,-0.819114545939503,26587.35624618246
2021-12-26 10:00:00,27211.75,-0.8025037842093272,27341.21704394346
2021-12-26 11:00:00,27271.16,-0.7858930224791517,27456.51221540416
2021-12-26 12:00:00,27279.22,-0.7858930224791517,27084.345802569125
2021-12-26 13:00:00,27003.67,-0.7443661181537127,26704.432281372465
2021-12-26 14:00:00,26559.01,-0.7194499755584491,26280.715351013296
2021-12-26 15:00:00,26488.72,-0.7028392138282736,26035.802343307514
2021-12-26 16:00:00,26869.52,-0.6945338329631858,26480.267034386343
2021-12-26 17:00:00,27823.9,-0.7028392138282736,27774.947557105912
2021-12-26 18:00:00,28153.94,-0.7028392138282736,27933.3687090374
2021-12-26 19:00:00,27909.6,-0.7028392138282736,27163.401896901658
2021-12-26 20:00:00,27227.54,-0.7360607372886249,26777.212186745583
2021-12-26 21:00:00,26669.95,-0.7775876416140639,26334.021492841734
2021-12-26 22:00:00,25996.12,-0.8357253076696786,25618.721254299744
2021-12-26 23:00:00,25445.99,-0.8772522119951176,24462.261262538315
